J	x	ne	Te	Ti
1	0.02	7.80	2.89	1.94
2	0.04	7.80	2.89	1.94
3	0.06	7.79	2.88	1.94
4	0.08	7.78	2.87	1.93
5	0.10	7.77	2.86	1.93
6	0.12	7.75	2.84	1.93
7	0.14	7.74	2.82	1.92
8	0.16	7.72	2.79	1.92
9	0.18	7.70	2.76	1.91
10	0.20	7.67	2.73	1.91
11	0.22	7.65	2.69	1.90
12	0.24	7.62	2.65	1.89
13	0.26	7.59	2.61	1.88
14	0.28	7.55	2.57	1.87
15	0.30	7.51	2.52	1.86
16	0.32	7.47	2.47	1.85
17	0.34	7.43	2.41	1.83
18	0.36	7.38	2.36	1.82
19	0.38	7.33	2.30	1.80
20	0.40	7.28	2.24	1.78
21	0.42	7.22	2.17	1.76
22	0.44	7.16	2.11	1.73
23	0.46	7.10	2.04	1.71
24	0.48	7.03	1.98	1.68
25	0.50	6.96	1.91	1.65
26	0.52	6.89	1.84	1.62
27	0.54	6.81	1.76	1.58
28	0.56	6.73	1.69	1.55
29	0.58	6.64	1.62	1.51
30	0.60	6.55	1.54	1.47
31	0.62	6.46	1.46	1.42
32	0.64	6.35	1.39	1.37
33	0.66	6.25	1.31	1.32
34	0.68	6.14	1.23	1.27
35	0.70	6.02	1.15	1.21
36	0.72	5.89	1.07	1.15
37	0.74	5.76	0.98	1.08
38	0.76	5.62	0.90	1.01
39	0.78	5.46	0.82	0.94
40	0.80	5.30	0.73	0.86
41	0.82	5.13	0.65	0.78
42	0.84	4.95	0.57	0.70
43	0.86	4.74	0.49	0.61
44	0.88	4.52	0.41	0.52
45	0.90	4.28	0.33	0.43
46	0.92	4.01	0.27	0.35
47	0.94	3.69	0.21	0.26
48	0.96	3.31	0.16	0.19
49	0.98	2.80	0.12	0.13
50	1.00	1.56	0.10	0.10
