 21
 30 30 30 30 30 30 30 30 30 30 30 30 30 30 30 30 30 30 30 30 30
  1.924421E+00   0.000000E+00
  1.924421E+00   0.000000E+00
  1.924421E+00   0.000000E+00
  1.924421E+00   0.000000E+00
  1.924421E+00   0.000000E+00
  1.924421E+00   0.000000E+00
  1.924421E+00   0.000000E+00
  1.924421E+00   0.000000E+00
  1.924421E+00   0.000000E+00
  1.924421E+00   0.000000E+00
  1.924421E+00   0.000000E+00
  1.924421E+00   0.000000E+00
  1.924421E+00   0.000000E+00
  1.924421E+00   0.000000E+00
  1.924421E+00   0.000000E+00
  1.924421E+00   0.000000E+00
  1.924421E+00   0.000000E+00
  1.924421E+00   0.000000E+00
  1.924421E+00   0.000000E+00
  1.924421E+00   0.000000E+00
  1.924421E+00   0.000000E+00
  1.924421E+00   0.000000E+00
  1.924421E+00   0.000000E+00
  1.924421E+00   0.000000E+00
  1.924421E+00   0.000000E+00
  1.924421E+00   0.000000E+00
  1.924421E+00   0.000000E+00
  1.924421E+00   0.000000E+00
  1.924421E+00   0.000000E+00
  1.924421E+00   0.000000E+00
  1.947893E+00   0.000000E+00
  1.946749E+00   3.197552E-02
  1.943453E+00   6.159953E-02
  1.938374E+00   8.722855E-02
  1.932025E+00   1.081054E-01
  1.925005E+00   1.240183E-01
  1.917992E+00   1.347782E-01
  1.911683E+00   1.399323E-01
  1.906644E+00   1.390294E-01
  1.903165E+00   1.320694E-01
  1.901233E+00   1.193531E-01
  1.900619E+00   1.009564E-01
  1.900932E+00   7.692859E-02
  1.901642E+00   4.812959E-02
  1.902185E+00   1.636087E-02
  1.902185E+00  -1.636090E-02
  1.901642E+00  -4.812961E-02
  1.900932E+00  -7.692862E-02
  1.900619E+00  -1.009564E-01
  1.901233E+00  -1.193531E-01
  1.903165E+00  -1.320694E-01
  1.906644E+00  -1.390295E-01
  1.911683E+00  -1.399323E-01
  1.917992E+00  -1.347782E-01
  1.925005E+00  -1.240183E-01
  1.932025E+00  -1.081054E-01
  1.938374E+00  -8.722853E-02
  1.943453E+00  -6.159951E-02
  1.946749E+00  -3.197550E-02
  1.947893E+00   0.000000E+00
  1.957949E+00   0.000000E+00
  1.956088E+00   4.473926E-02
  1.950560E+00   8.647903E-02
  1.941811E+00   1.225931E-01
  1.930964E+00   1.516022E-01
  1.919483E+00   1.733596E-01
  1.908626E+00   1.880764E-01
  1.899276E+00   1.954474E-01
  1.892042E+00   1.949062E-01
  1.887339E+00   1.861343E-01
  1.885409E+00   1.688925E-01
  1.886118E+00   1.429063E-01
  1.888634E+00   1.085874E-01
  1.891517E+00   6.771231E-02
  1.893355E+00   2.297501E-02
  1.893355E+00  -2.297505E-02
  1.891517E+00  -6.771235E-02
  1.888634E+00  -1.085874E-01
  1.886118E+00  -1.429064E-01
  1.885409E+00  -1.688925E-01
  1.887339E+00  -1.861343E-01
  1.892042E+00  -1.949062E-01
  1.899276E+00  -1.954474E-01
  1.908626E+00  -1.880764E-01
  1.919483E+00  -1.733596E-01
  1.930964E+00  -1.516022E-01
  1.941811E+00  -1.225931E-01
  1.950560E+00  -8.647900E-02
  1.956088E+00  -4.473923E-02
  1.957949E+00   0.000000E+00
  1.973014E+00   0.000000E+00
  1.969765E+00   6.206734E-02
  1.960090E+00   1.199633E-01
  1.944939E+00   1.698704E-01
  1.926655E+00   2.097450E-01
  1.907810E+00   2.397467E-01
  1.890163E+00   2.604163E-01
  1.875116E+00   2.711555E-01
  1.864133E+00   2.709510E-01
  1.858228E+00   2.593509E-01
  1.857610E+00   2.359196E-01
  1.861720E+00   1.999301E-01
  1.868893E+00   1.518213E-01
  1.876272E+00   9.444229E-02
  1.880859E+00   3.197446E-02
  1.880859E+00  -3.197451E-02
  1.876272E+00  -9.444234E-02
  1.868893E+00  -1.518213E-01
  1.861720E+00  -1.999301E-01
  1.857610E+00  -2.359196E-01
  1.858228E+00  -2.593509E-01
  1.864133E+00  -2.709510E-01
  1.875116E+00  -2.711555E-01
  1.890163E+00  -2.604163E-01
  1.907810E+00  -2.397467E-01
  1.926655E+00  -2.097450E-01
  1.944939E+00  -1.698704E-01
  1.960090E+00  -1.199633E-01
  1.969765E+00  -6.206729E-02
  1.973014E+00   0.000000E+00
  1.985155E+00   0.000000E+00
  1.980587E+00   7.480924E-02
  1.967100E+00   1.445381E-01
  1.946209E+00   2.046969E-01
  1.921300E+00   2.527399E-01
  1.896019E+00   2.885491E-01
  1.872696E+00   3.129143E-01
  1.852898E+00   3.258314E-01
  1.838489E+00   3.263918E-01
  1.831286E+00   3.133724E-01
  1.832061E+00   2.854298E-01
  1.839922E+00   2.417211E-01
  1.852028E+00   1.833640E-01
  1.863974E+00   1.140457E-01
  1.871306E+00   3.862679E-02
  1.871306E+00  -3.862685E-02
  1.863974E+00  -1.140458E-01
  1.852028E+00  -1.833641E-01
  1.839922E+00  -2.417212E-01
  1.832061E+00  -2.854298E-01
  1.831286E+00  -3.133724E-01
  1.838489E+00  -3.263918E-01
  1.852898E+00  -3.258313E-01
  1.872696E+00  -3.129143E-01
  1.896019E+00  -2.885491E-01
  1.921300E+00  -2.527399E-01
  1.946209E+00  -2.046968E-01
  1.967100E+00  -1.445381E-01
  1.980587E+00  -7.480918E-02
  1.985155E+00   0.000000E+00
  1.995678E+00   0.000000E+00
  1.989871E+00   8.530882E-02
  1.972855E+00   1.647275E-01
  1.946746E+00   2.331131E-01
  1.915797E+00   2.876292E-01
  1.884418E+00   3.282023E-01
  1.855479E+00   3.557180E-01
  1.831108E+00   3.701847E-01
  1.813789E+00   3.707073E-01
  1.805816E+00   3.560066E-01
  1.808174E+00   3.244419E-01
  1.819760E+00   2.748314E-01
  1.836796E+00   2.084018E-01
  1.853304E+00   1.295154E-01
  1.863324E+00   4.383872E-02
  1.863324E+00  -4.383879E-02
  1.853304E+00  -1.295154E-01
  1.836796E+00  -2.084018E-01
  1.819760E+00  -2.748314E-01
  1.808174E+00  -3.244419E-01
  1.805816E+00  -3.560066E-01
  1.813789E+00  -3.707073E-01
  1.831108E+00  -3.701847E-01
  1.855479E+00  -3.557180E-01
  1.884418E+00  -3.282022E-01
  1.915797E+00  -2.876291E-01
  1.946746E+00  -2.331131E-01
  1.972855E+00  -1.647274E-01
  1.989871E+00  -8.530875E-02
  1.995678E+00   0.000000E+00
  2.009434E+00   0.000000E+00
  2.001944E+00   9.850820E-02
  1.980127E+00   1.900100E-01
  1.946858E+00   2.685438E-01
  1.907454E+00   3.309624E-01
  1.867306E+00   3.772631E-01
  1.830189E+00   4.084262E-01
  1.799286E+00   4.244788E-01
  1.778071E+00   4.246221E-01
  1.769378E+00   4.076428E-01
  1.774333E+00   3.716185E-01
  1.791517E+00   3.148960E-01
  1.815862E+00   2.387131E-01
  1.839122E+00   1.482243E-01
  1.853122E+00   5.013269E-02
  1.853122E+00  -5.013277E-02
  1.839122E+00  -1.482244E-01
  1.815862E+00  -2.387132E-01
  1.791517E+00  -3.148961E-01
  1.774333E+00  -3.716185E-01
  1.769378E+00  -4.076428E-01
  1.778071E+00  -4.246221E-01
  1.799286E+00  -4.244788E-01
  1.830189E+00  -4.084262E-01
  1.867306E+00  -3.772631E-01
  1.907454E+00  -3.309624E-01
  1.946858E+00  -2.685437E-01
  1.980127E+00  -1.900100E-01
  2.001944E+00  -9.850812E-02
  2.009434E+00   0.000000E+00
  2.021420E+00   0.000000E+00
  2.012415E+00   1.098217E-01
  1.986224E+00   2.115681E-01
  1.946266E+00   2.986373E-01
  1.898760E+00   3.676474E-01
  1.850178E+00   4.185270E-01
  1.805376E+00   4.523221E-01
  1.768500E+00   4.693219E-01
  1.743788E+00   4.689956E-01
  1.734596E+00   4.500791E-01
  1.742262E+00   4.102622E-01
  1.765012E+00   3.475638E-01
  1.796483E+00   2.633686E-01
  1.826338E+00   1.634595E-01
  1.844280E+00   5.526936E-02
  1.844280E+00  -5.526945E-02
  1.826338E+00  -1.634596E-01
  1.796483E+00  -2.633687E-01
  1.765012E+00  -3.475639E-01
  1.742262E+00  -4.102623E-01
  1.734596E+00  -4.500791E-01
  1.743788E+00  -4.689956E-01
  1.768500E+00  -4.693219E-01
  1.805376E+00  -4.523221E-01
  1.850178E+00  -4.185269E-01
  1.898760E+00  -3.676474E-01
  1.946266E+00  -2.986372E-01
  1.986224E+00  -2.115680E-01
  2.012415E+00  -1.098216E-01
  2.021420E+00   0.000000E+00
  2.032065E+00   0.000000E+00
  2.021663E+00   1.198542E-01
  1.991381E+00   2.306775E-01
  1.945051E+00   3.252351E-01
  1.889726E+00   3.998796E-01
  1.832981E+00   4.545053E-01
  1.780786E+00   4.902993E-01
  1.738265E+00   5.078622E-01
  1.710405E+00   5.069559E-01
  1.701014E+00   4.862852E-01
  1.711532E+00   4.431669E-01
  1.739773E+00   3.753080E-01
  1.778188E+00   2.842428E-01
  1.814500E+00   1.763250E-01
  1.836337E+00   5.960148E-02
  1.836337E+00  -5.960158E-02
  1.814500E+00  -1.763251E-01
  1.778187E+00  -2.842429E-01
  1.739773E+00  -3.753080E-01
  1.711532E+00  -4.431669E-01
  1.701014E+00  -4.862852E-01
  1.710405E+00  -5.069559E-01
  1.738265E+00  -5.078622E-01
  1.780786E+00  -4.902993E-01
  1.832981E+00  -4.545052E-01
  1.889726E+00  -3.998795E-01
  1.945051E+00  -3.252350E-01
  1.991381E+00  -2.306774E-01
  2.021663E+00  -1.198541E-01
  2.032065E+00   0.000000E+00
  2.044614E+00   0.000000E+00
  2.032471E+00   1.318499E-01
  1.997033E+00   2.535159E-01
  1.942544E+00   3.569219E-01
  1.877086E+00   4.380183E-01
  1.809730E+00   4.966872E-01
  1.748004E+00   5.344193E-01
  1.698369E+00   5.523295E-01
  1.666785E+00   5.505932E-01
  1.657549E+00   5.278387E-01
  1.672080E+00   4.808585E-01
  1.707569E+00   4.069747E-01
  1.755011E+00   3.079632E-01
  1.799754E+00   1.908934E-01
  1.826724E+00   6.449862E-02
  1.826724E+00  -6.449873E-02
  1.799754E+00  -1.908935E-01
  1.755011E+00  -3.079632E-01
  1.707569E+00  -4.069748E-01
  1.672080E+00  -4.808586E-01
  1.657549E+00  -5.278387E-01
  1.666785E+00  -5.505933E-01
  1.698370E+00  -5.523295E-01
  1.748004E+00  -5.344193E-01
  1.809730E+00  -4.966872E-01
  1.877086E+00  -4.380183E-01
  1.942544E+00  -3.569218E-01
  1.997033E+00  -2.535158E-01
  2.032471E+00  -1.318498E-01
  2.044614E+00   0.000000E+00
  2.055636E+00   0.000000E+00
  2.041850E+00   1.426956E-01
  2.001490E+00   2.741450E-01
  1.939101E+00   3.854431E-01
  1.863739E+00   4.721034E-01
  1.786010E+00   5.340067E-01
  1.715055E+00   5.730414E-01
  1.658678E+00   5.909576E-01
  1.623777E+00   5.883927E-01
  1.615083E+00   5.638367E-01
  1.633857E+00   5.134772E-01
  1.676573E+00   4.342637E-01
  1.732853E+00   3.282845E-01
  1.785871E+00   2.033165E-01
  1.817928E+00   6.866575E-02
  1.817928E+00  -6.866586E-02
  1.785871E+00  -2.033166E-01
  1.732853E+00  -3.282846E-01
  1.676573E+00  -4.342638E-01
  1.633857E+00  -5.134773E-01
  1.615083E+00  -5.638367E-01
  1.623777E+00  -5.883927E-01
  1.658678E+00  -5.909576E-01
  1.715055E+00  -5.730414E-01
  1.786010E+00  -5.340066E-01
  1.863739E+00  -4.721033E-01
  1.939101E+00  -3.854430E-01
  2.001490E+00  -2.741449E-01
  2.041850E+00  -1.426955E-01
  2.055636E+00   0.000000E+00
  2.065397E+00   0.000000E+00
  2.050022E+00   1.526824E-01
  2.004877E+00   2.931145E-01
  1.934752E+00   4.115870E-01
  1.849660E+00   5.031576E-01
  1.761771E+00   5.676812E-01
  1.681852E+00   6.074875E-01
  1.619021E+00   6.250882E-01
  1.581109E+00   6.216799E-01
  1.573271E+00   5.955709E-01
  1.596521E+00   5.422284E-01
  1.646489E+00   4.582108E-01
  1.711475E+00   3.459972E-01
  1.772656E+00   2.140889E-01
  1.809778E+00   7.227153E-02
  1.809778E+00  -7.227165E-02
  1.772656E+00  -2.140890E-01
  1.711475E+00  -3.459973E-01
  1.646489E+00  -4.582108E-01
  1.596521E+00  -5.422285E-01
  1.573271E+00  -5.955709E-01
  1.581109E+00  -6.216799E-01
  1.619021E+00  -6.250881E-01
  1.681852E+00  -6.074875E-01
  1.761771E+00  -5.676812E-01
  1.849660E+00  -5.031575E-01
  1.934752E+00  -4.115869E-01
  2.004877E+00  -2.931143E-01
  2.050022E+00  -1.526822E-01
  2.065397E+00   0.000000E+00
  2.074093E+00   0.000000E+00
  2.057143E+00   1.619816E-01
  2.007275E+00   3.107572E-01
  1.929552E+00   4.358486E-01
  1.834925E+00   5.318356E-01
  1.737107E+00   5.984857E-01
  1.648485E+00   6.385828E-01
  1.579471E+00   6.555336E-01
  1.538806E+00   6.512147E-01
  1.532062E+00   6.237248E-01
  1.559948E+00   5.677074E-01
  1.617182E+00   4.793128E-01
  1.690774E+00   3.614788E-01
  1.760036E+00   2.234440E-01
  1.802208E+00   7.539399E-02
  1.802208E+00  -7.539411E-02
  1.760036E+00  -2.234441E-01
  1.690774E+00  -3.614789E-01
  1.617181E+00  -4.793129E-01
  1.559948E+00  -5.677075E-01
  1.532062E+00  -6.237248E-01
  1.538806E+00  -6.512147E-01
  1.579471E+00  -6.555336E-01
  1.648485E+00  -6.385827E-01
  1.737107E+00  -5.984857E-01
  1.834925E+00  -5.318356E-01
  1.929552E+00  -4.358485E-01
  2.007275E+00  -3.107571E-01
  2.057143E+00  -1.619815E-01
  2.074093E+00   0.000000E+00
  2.083702E+00   0.000000E+00
  2.064751E+00   1.727378E-01
  2.009037E+00   3.311858E-01
  1.922125E+00   4.639499E-01
  1.816023E+00   5.649205E-01
  1.706201E+00   6.336317E-01
  1.607111E+00   6.734827E-01
  1.530842E+00   6.891820E-01
  1.487128E+00   6.835408E-01
  1.481883E+00   6.543534E-01
  1.515477E+00   5.952348E-01
  1.581650E+00   5.018985E-01
  1.665885E+00   3.778734E-01
  1.745158E+00   2.332571E-01
  1.793583E+00   7.865077E-02
  1.793583E+00  -7.865090E-02
  1.745158E+00  -2.332572E-01
  1.665885E+00  -3.778735E-01
  1.581650E+00  -5.018986E-01
  1.515477E+00  -5.952349E-01
  1.481883E+00  -6.543534E-01
  1.487128E+00  -6.835409E-01
  1.530842E+00  -6.891820E-01
  1.607111E+00  -6.734827E-01
  1.706201E+00  -6.336317E-01
  1.816023E+00  -5.649205E-01
  1.922125E+00  -4.639498E-01
  2.009037E+00  -3.311857E-01
  2.064751E+00  -1.727376E-01
  2.083702E+00   0.000000E+00
  2.092192E+00   0.000000E+00
  2.071168E+00   1.825894E-01
  2.009682E+00   3.500278E-01
  1.914114E+00   4.899813E-01
  1.797246E+00   5.954025E-01
  1.675962E+00   6.654899E-01
  1.566953E+00   7.044968E-01
  1.484182E+00   7.186092E-01
  1.437978E+00   7.113802E-01
  1.434136E+00   6.801708E-01
  1.472917E+00   6.178861E-01
  1.547646E+00   5.201333E-01
  1.642383E+00   3.909244E-01
  1.731492E+00   2.409579E-01
  1.785952E+00   8.117657E-02
  1.785952E+00  -8.117670E-02
  1.731492E+00  -2.409580E-01
  1.642383E+00  -3.909245E-01
  1.547646E+00  -5.201334E-01
  1.472917E+00  -6.178862E-01
  1.434136E+00  -6.801709E-01
  1.437978E+00  -7.113803E-01
  1.484182E+00  -7.186092E-01
  1.566953E+00  -7.044968E-01
  1.675962E+00  -6.654898E-01
  1.797247E+00  -5.954025E-01
  1.914115E+00  -4.899812E-01
  2.009683E+00  -3.500277E-01
  2.071168E+00  -1.825892E-01
  2.092192E+00   0.000000E+00
  2.100060E+00   0.000000E+00
  2.076919E+00   1.916043E-01
  2.009774E+00   3.674757E-01
  1.906029E+00   5.142059E-01
  1.778935E+00   6.234743E-01
  1.646523E+00   6.942218E-01
  1.528025E+00   7.320356E-01
  1.439489E+00   7.446605E-01
  1.391359E+00   7.358433E-01
  1.388784E+00   7.022461E-01
  1.432188E+00   6.365846E-01
  1.515123E+00   5.348507E-01
  1.620275E+00   4.013434E-01
  1.719012E+00   2.470120E-01
  1.779204E+00   8.312708E-02
  1.779204E+00  -8.312721E-02
  1.719012E+00  -2.470121E-01
  1.620275E+00  -4.013436E-01
  1.515123E+00  -5.348508E-01
  1.432187E+00  -6.365847E-01
  1.388784E+00  -7.022461E-01
  1.391359E+00  -7.358434E-01
  1.439489E+00  -7.446605E-01
  1.528025E+00  -7.320356E-01
  1.646523E+00  -6.942218E-01
  1.778935E+00  -6.234743E-01
  1.906029E+00  -5.142058E-01
  2.009774E+00  -3.674756E-01
  2.076919E+00  -1.916042E-01
  2.100060E+00   0.000000E+00
  2.119815E+00   0.000000E+00
  2.094768E+00   1.969214E-01
  2.023887E+00   3.776652E-01
  1.915003E+00   5.277996E-01
  1.782200E+00   6.386434E-01
  1.644344E+00   7.089003E-01
  1.521837E+00   7.447944E-01
  1.431082E+00   7.535518E-01
  1.382359E+00   7.387132E-01
  1.380186E+00   7.005172E-01
  1.425524E+00   6.340310E-01
  1.515115E+00   5.271832E-01
  1.623794E+00   3.896884E-01
  1.719201E+00   2.377991E-01
  1.776010E+00   7.970792E-02
  1.776010E+00  -7.970805E-02
  1.719201E+00  -2.377992E-01
  1.623793E+00  -3.896885E-01
  1.515115E+00  -5.271833E-01
  1.425523E+00  -6.340310E-01
  1.380186E+00  -7.005172E-01
  1.382359E+00  -7.387133E-01
  1.431082E+00  -7.535518E-01
  1.521837E+00  -7.447944E-01
  1.644344E+00  -7.089002E-01
  1.782200E+00  -6.386434E-01
  1.915003E+00  -5.277995E-01
  2.023887E+00  -3.776650E-01
  2.094768E+00  -1.969212E-01
  2.119815E+00   0.000000E+00
  2.139571E+00   0.000000E+00
  2.112616E+00   2.022385E-01
  2.038000E+00   3.878546E-01
  1.923977E+00   5.413933E-01
  1.785466E+00   6.538125E-01
  1.642165E+00   7.235787E-01
  1.515649E+00   7.575533E-01
  1.422675E+00   7.624431E-01
  1.373360E+00   7.415831E-01
  1.371589E+00   6.987884E-01
  1.418860E+00   6.314773E-01
  1.515108E+00   5.195157E-01
  1.627312E+00   3.780333E-01
  1.719391E+00   2.285862E-01
  1.772816E+00   7.628877E-02
  1.772816E+00  -7.628889E-02
  1.719391E+00  -2.285863E-01
  1.627312E+00  -3.780334E-01
  1.515108E+00  -5.195158E-01
  1.418860E+00  -6.314774E-01
  1.371589E+00  -6.987884E-01
  1.373360E+00  -7.415832E-01
  1.422675E+00  -7.624431E-01
  1.515649E+00  -7.575533E-01
  1.642165E+00  -7.235786E-01
  1.785466E+00  -6.538125E-01
  1.923977E+00  -5.413932E-01
  2.038000E+00  -3.878545E-01
  2.112616E+00  -2.022383E-01
  2.139571E+00   0.000000E+00
  2.159326E+00   0.000000E+00
  2.130465E+00   2.075555E-01
  2.052113E+00   3.980441E-01
  1.932952E+00   5.549870E-01
  1.788732E+00   6.689816E-01
  1.639986E+00   7.382571E-01
  1.509460E+00   7.703121E-01
  1.414268E+00   7.713344E-01
  1.364360E+00   7.444530E-01
  1.362992E+00   6.970595E-01
  1.412196E+00   6.289237E-01
  1.515101E+00   5.118482E-01
  1.630830E+00   3.663783E-01
  1.719581E+00   2.193733E-01
  1.769622E+00   7.286961E-02
  1.769622E+00  -7.286973E-02
  1.719581E+00  -2.193734E-01
  1.630830E+00  -3.663784E-01
  1.515101E+00  -5.118483E-01
  1.412196E+00  -6.289237E-01
  1.362992E+00  -6.970595E-01
  1.364360E+00  -7.444530E-01
  1.414268E+00  -7.713344E-01
  1.509460E+00  -7.703121E-01
  1.639986E+00  -7.382571E-01
  1.788732E+00  -6.689815E-01
  1.932952E+00  -5.549869E-01
  2.052113E+00  -3.980440E-01
  2.130465E+00  -2.075554E-01
  2.159326E+00   0.000000E+00
  2.179082E+00   0.000000E+00
  2.148313E+00   2.128726E-01
  2.066226E+00   4.082336E-01
  1.941926E+00   5.685808E-01
  1.791998E+00   6.841507E-01
  1.637806E+00   7.529355E-01
  1.503272E+00   7.830710E-01
  1.405861E+00   7.802257E-01
  1.355360E+00   7.473229E-01
  1.354395E+00   6.953306E-01
  1.405532E+00   6.263700E-01
  1.515094E+00   5.041807E-01
  1.634349E+00   3.547232E-01
  1.719770E+00   2.101604E-01
  1.766429E+00   6.945045E-02
  1.766429E+00  -6.945057E-02
  1.719770E+00  -2.101605E-01
  1.634349E+00  -3.547233E-01
  1.515094E+00  -5.041809E-01
  1.405532E+00  -6.263701E-01
  1.354395E+00  -6.953307E-01
  1.355360E+00  -7.473229E-01
  1.405862E+00  -7.802257E-01
  1.503272E+00  -7.830709E-01
  1.637806E+00  -7.529355E-01
  1.791998E+00  -6.841506E-01
  1.941926E+00  -5.685807E-01
  2.066226E+00  -4.082334E-01
  2.148313E+00  -2.128724E-01
  2.179082E+00   0.000000E+00
  2.198837E+00   0.000000E+00
  2.166162E+00   2.181897E-01
  2.080339E+00   4.184230E-01
  1.950900E+00   5.821745E-01
  1.795264E+00   6.993198E-01
  1.635627E+00   7.676140E-01
  1.497084E+00   7.958298E-01
  1.397455E+00   7.891170E-01
  1.346361E+00   7.501928E-01
  1.345798E+00   6.936018E-01
  1.398868E+00   6.238164E-01
  1.515086E+00   4.965133E-01
  1.637867E+00   3.430681E-01
  1.719960E+00   2.009475E-01
  1.763235E+00   6.603130E-02
  1.763235E+00  -6.603140E-02
  1.719960E+00  -2.009476E-01
  1.637867E+00  -3.430683E-01
  1.515086E+00  -4.965134E-01
  1.398868E+00  -6.238165E-01
  1.345798E+00  -6.936018E-01
  1.346361E+00  -7.501928E-01
  1.397455E+00  -7.891171E-01
  1.497084E+00  -7.958298E-01
  1.635627E+00  -7.676139E-01
  1.795264E+00  -6.993197E-01
  1.950900E+00  -5.821744E-01
  2.080339E+00  -4.184229E-01
  2.166162E+00  -2.181895E-01
  2.198837E+00   0.000000E+00
