2
15 64
5.50000e-01	2.05150e-01
5.52901e-01	2.03249e-01
5.55384e-01	2.01908e-01
5.57715e-01	2.00319e-01
5.59870e-01	1.98498e-01
5.61826e-01	1.96465e-01
5.63563e-01	1.94242e-01
5.65062e-01	1.91852e-01
5.66307e-01	1.89320e-01
5.67285e-01	1.86673e-01
5.67985e-01	1.83940e-01
5.68400e-01	1.81150e-01
5.70000e-01	1.71150e-01
5.70000e-01	1.21150e-01
6.03000e-01	1.05150e-01
6.95000e-01	3.31150e-01
7.50000e-01	3.46149e-01
8.10000e-01	3.46150e-01
8.36609e-01	4.36482e-01
8.46142e-01	4.47069e-01
8.55674e-01	4.57655e-01
8.65206e-01	4.68242e-01
8.74739e-01	4.78829e-01
8.84221e-01	4.89416e-01
8.93050e-01	5.00002e-01
9.01115e-01	5.10589e-01
9.08489e-01	5.21176e-01
9.15229e-01	5.31762e-01
9.21384e-01	5.42349e-01
9.26993e-01	5.52936e-01
9.32088e-01	5.63523e-01
9.36698e-01	5.74109e-01
9.40846e-01	5.84696e-01
9.44551e-01	5.95283e-01
9.47831e-01	6.05869e-01
9.50698e-01	6.16456e-01
9.53165e-01	6.27043e-01
9.55243e-01	6.37630e-01
9.56937e-01	6.48216e-01
9.58256e-01	6.58803e-01
9.59204e-01	6.69390e-01
9.59784e-01	6.79976e-01
9.59999e-01	6.90563e-01
9.59849e-01	7.01150e-01
9.59333e-01	7.11737e-01
9.58450e-01	7.22323e-01
9.57197e-01	7.32910e-01
9.55569e-01	7.43497e-01
9.53560e-01	7.54084e-01
9.51163e-01	7.64670e-01
9.48367e-01	7.75257e-01
9.45161e-01	7.85844e-01
9.41532e-01	7.96430e-01
9.37464e-01	8.07017e-01
9.32937e-01	8.17604e-01
9.27929e-01	8.28191e-01
9.22413e-01	8.38777e-01
9.16357e-01	8.49364e-01
9.09723e-01	8.59951e-01
9.02466e-01	8.70538e-01
8.94527e-01	8.81124e-01
8.85840e-01	8.91711e-01
8.76315e-01	9.02298e-01
8.65918e-01	9.12884e-01
8.55331e-01	9.23471e-01
8.44745e-01	9.34058e-01
8.34158e-01	9.44645e-01
8.23571e-01	9.55231e-01
8.12985e-01	9.65818e-01
8.10000e-01	1.09915e+00
8.10000e-01	1.12115e+00
7.03000e-01	1.14615e+00
7.03000e-01	1.30115e+00
5.91000e-01	1.30115e+00
5.70000e-01	1.30115e+00
5.70000e-01	1.22115e+00
4.30000e-01	1.13915e+00
4.30000e-01	4.66150e-01
4.30000e-01	4.61150e-01
