 rn:  h -> be
  4.32000E-03  1.08000E-02  4.54182E-02  8.85455E-02  1.56436E-01  2.28764E-01
  2.94364E-01  3.31673E-01  3.54473E-01  3.73855E-01  3.85309E-01  3.79600E-01
  3.75636E-01  3.60909E-01  3.53127E-01  3.35309E-01  3.17891E-01  3.02509E-01
  2.88727E-01  2.72945E-01  2.60109E-01  2.43273E-01  2.26618E-01  2.12691E-01
  1.93782E-01  1.78398E-01  1.62404E-01  1.42099E-01  1.22142E-01  1.02452E-01
  8.44851E-02  6.81534E-02  5.37999E-02  4.15732E-02  3.14598E-02  2.33219E-02
  1.69524E-02  1.20920E-02  8.47207E-03  5.84177E-03  3.97724E-03  2.69992E-03
  1.82857E-03  1.24046E-03  8.44846E-04  5.82232E-04  3.89949E-04  2.87794E-04
 rn:  h -> c
  3.80000E-03  1.67200E-02  6.74545E-02  1.32073E-01  2.13527E-01  2.89200E-01
  3.45091E-01  3.90327E-01  4.24400E-01  4.44182E-01  4.55055E-01  4.57855E-01
  4.49491E-01  4.34073E-01  4.24655E-01  4.11564E-01  3.98655E-01  3.78073E-01
  3.58945E-01  3.41236E-01  3.21345E-01  3.09818E-01  2.98255E-01  2.77382E-01
  2.57818E-01  2.33491E-01  2.15582E-01  1.91818E-01  1.63210E-01  1.33900E-01
  1.10947E-01  9.20012E-02  7.54928E-02  6.01971E-02  4.63063E-02  3.41398E-02
  2.39731E-02  1.60233E-02  1.04338E-02  6.88070E-03  4.99419E-03  3.38954E-03
  2.84915E-03  2.61172E-03  2.61172E-03  2.61172E-03  2.61172E-03  2.61172E-03
 rn:  h -> al
  5.56000E-03  4.31200E-02  1.53309E-01  2.60873E-01  3.53236E-01  4.21600E-01
  4.66218E-01  4.96909E-01  5.16255E-01  5.21636E-01  5.21527E-01  5.17055E-01
  5.14364E-01  5.18036E-01  5.17055E-01  5.12436E-01  5.02436E-01  4.85891E-01
  4.65200E-01  4.54218E-01  4.52727E-01  4.38509E-01  4.19818E-01  3.98291E-01
  3.75600E-01  3.49345E-01  3.15473E-01  2.77873E-01  2.36406E-01  2.00082E-01
  1.70495E-01  1.48671E-01  1.29634E-01  1.11865E-01  9.47277E-02  7.86849E-02
  6.40961E-02  5.11976E-02  4.01000E-02  3.08299E-02  2.33109E-02  1.74536E-02
  1.29234E-02  9.48000E-03  6.89793E-03  5.00613E-03  3.51325E-03  2.63296E-03
 rn:  h -> si
  7.56000E-03  4.80800E-02  1.54291E-01  2.63055E-01  3.49527E-01  4.16582E-01
  4.64618E-01  4.85600E-01  5.05273E-01  5.12909E-01  5.15673E-01  5.14473E-01
  5.15527E-01  5.05455E-01  5.05055E-01  5.01273E-01  4.98691E-01  4.89782E-01
  4.79236E-01  4.65927E-01  4.52327E-01  4.37709E-01  4.20509E-01  3.95673E-01
  3.68291E-01  3.44218E-01  3.14208E-01  2.93459E-01  2.72114E-01  2.48743E-01
  2.12095E-01  1.85075E-01  1.59991E-01  1.34376E-01  1.13163E-01  9.38368E-02
  7.56970E-02  6.06454E-02  4.77348E-02  3.66259E-02  2.78657E-02  2.09726E-02
  1.54713E-02  1.13465E-02  8.22084E-03  5.86056E-03  4.00544E-03  2.93917E-03
 rn:  h -> v
  8.72000E-03  7.00000E-02  2.00436E-01  3.13564E-01  4.04873E-01  4.70800E-01
  5.19273E-01  5.56618E-01  5.77564E-01  5.88727E-01  5.88073E-01  5.95345E-01
  5.91200E-01  5.83091E-01  5.81818E-01  5.73273E-01  5.70436E-01  5.56909E-01
  5.45818E-01  5.24291E-01  5.17236E-01  5.15236E-01  5.06364E-01  4.85855E-01
  4.66691E-01  4.45418E-01  4.23444E-01  4.05304E-01  3.82800E-01  3.53204E-01
  2.98275E-01  2.63315E-01  2.32177E-01  1.99150E-01  1.73382E-01  1.49331E-01
  1.25284E-01  1.04942E-01  8.65153E-02  6.95721E-02  5.55413E-02  4.38259E-02
  3.38688E-02  2.59514E-02  1.95815E-02  1.44888E-02  1.02980E-02  7.69361E-03
 rn:  h -> fe
  8.52000E-03  6.74400E-02  2.07709E-01  3.21455E-01  4.17636E-01  4.82873E-01
  5.36436E-01  5.71636E-01  5.94582E-01  6.05782E-01  6.19018E-01  6.19964E-01
  6.21491E-01  6.16364E-01  6.04945E-01  5.96473E-01  5.89709E-01  5.81891E-01
  5.67164E-01  5.52473E-01  5.44800E-01  5.38000E-01  5.28582E-01  5.14982E-01
  4.93673E-01  4.74509E-01  4.54473E-01  4.25327E-01  3.91117E-01  3.58638E-01
  3.30629E-01  3.05228E-01  2.80234E-01  2.54803E-01  2.28890E-01  2.02695E-01
  1.76437E-01  1.50347E-01  1.24664E-01  9.83334E-02  7.35747E-02  4.98571E-02
  4.08440E-02  3.74403E-02  3.74403E-02  3.74403E-02  3.74403E-02  3.74403E-02
 rn:  h -> cu
  7.80000E-03  6.66400E-02  2.01636E-01  3.21236E-01  4.19055E-01  4.96327E-01
  5.47636E-01  5.79491E-01  6.08400E-01  6.17964E-01  6.34764E-01  6.33855E-01
  6.23964E-01  6.17491E-01  6.07564E-01  6.01345E-01  5.93782E-01  5.94291E-01
  5.84255E-01  5.80000E-01  5.61309E-01  5.45345E-01  5.37055E-01  5.25345E-01
  5.08436E-01  4.91891E-01  4.66281E-01  4.47115E-01  4.25170E-01  3.99044E-01
  3.53388E-01  3.21954E-01  2.92498E-01  2.60682E-01  2.33413E-01  2.06626E-01
  1.79215E-01  1.54205E-01  1.30539E-01  1.08243E-01  8.87098E-02  7.18541E-02
  5.72016E-02  4.50000E-02  3.48660E-02  2.65927E-02  1.95808E-02  1.49762E-02
 rn:  h -> mo
  8.76000E-03  7.53600E-02  2.11564E-01  3.33745E-01  4.30764E-01  4.92509E-01
  5.42764E-01  5.79164E-01  5.99418E-01  6.14473E-01  6.17455E-01  6.17491E-01
  6.17491E-01  6.20073E-01  6.19418E-01  6.07782E-01  6.00655E-01  5.94473E-01
  5.87818E-01  5.85345E-01  5.78291E-01  5.77527E-01  5.72291E-01  5.63745E-01
  5.44764E-01  5.24436E-01  4.93293E-01  4.69773E-01  4.41556E-01  4.04936E-01
  3.29569E-01  2.88263E-01  2.54449E-01  2.18355E-01  1.94214E-01  1.72382E-01
  1.49447E-01  1.30872E-01  1.13368E-01  9.60228E-02  8.11432E-02  6.79105E-02
  5.57326E-02  4.53876E-02  3.64092E-02  2.86662E-02  2.19351E-02  1.73491E-02
 rn:  h -> w
  6.80000E-03  7.56800E-02  2.10545E-01  3.25273E-01  4.16400E-01  4.82764E-01
  5.32836E-01  5.66691E-01  5.90727E-01  6.09418E-01  6.17418E-01  6.23818E-01
  6.32036E-01  6.32909E-01  6.30436E-01  6.27055E-01  6.22982E-01  6.21127E-01
  6.22000E-01  6.27927E-01  6.19455E-01  6.17964E-01  5.98727E-01  5.90496E-01
  5.75669E-01  5.65673E-01  5.43792E-01  5.17845E-01  4.88600E-01  4.59153E-01
  4.29987E-01  4.01540E-01  3.74178E-01  3.48169E-01  3.23652E-01  3.00613E-01
  2.78851E-01  2.57956E-01  2.37278E-01  2.09400E-01  1.75914E-01  1.25761E-01
  1.06045E-01  9.72080E-02  9.72080E-02  9.72080E-02  9.72080E-02  9.72080E-02
 rn:  h -> au
  1.08400E-02  7.76000E-02  2.02982E-01  3.20145E-01  4.13527E-01  4.83636E-01
  5.33418E-01  5.65855E-01  5.86145E-01  6.03564E-01  6.22473E-01  6.32182E-01
  6.34655E-01  6.38873E-01  6.37818E-01  6.31418E-01  6.22073E-01  6.19745E-01
  6.16400E-01  6.16800E-01  6.09455E-01  6.10255E-01  6.05055E-01  5.93127E-01
  5.81782E-01  5.67818E-01  5.53027E-01  5.33937E-01  5.10802E-01  4.82137E-01
  4.38006E-01  4.06309E-01  3.77065E-01  3.46775E-01  3.21175E-01  2.96916E-01
  2.73085E-01  2.52232E-01  2.33623E-01  2.09044E-01  1.80287E-01  1.30525E-01
  1.10671E-01  1.01302E-01  1.01140E-01  1.00970E-01  1.00867E-01  1.00867E-01
 rn:  d -> be
  4.00000E-03  4.00000E-03  1.01091E-02  2.44364E-02  4.72000E-02  8.05455E-02
  1.18691E-01  1.61964E-01  2.04582E-01  2.36291E-01  2.54473E-01  2.63018E-01
  2.59273E-01  2.52945E-01  2.47891E-01  2.37527E-01  2.27018E-01  2.13418E-01
  2.02982E-01  1.94000E-01  1.84836E-01  1.71709E-01  1.56400E-01  1.44892E-01
  1.32292E-01  1.24950E-01  1.16692E-01  1.07757E-01  9.70869E-02  8.54174E-02
  7.33109E-02  6.13319E-02  4.99870E-02  3.96754E-02  3.06636E-02  2.30755E-02
  1.69225E-02  1.21078E-02  8.46204E-03  5.78408E-03  3.87210E-03  2.54294E-03
  1.64270E-03  1.04780E-03  6.66647E-04  4.23701E-04  2.51596E-04  1.63454E-04
 rn:  d -> c
  8.00000E-04  3.12000E-03  1.98909E-02  4.54909E-02  8.24000E-02  1.32400E-01
  1.90800E-01  2.48764E-01  2.94582E-01  3.21564E-01  3.37382E-01  3.42764E-01
  3.48945E-01  3.45927E-01  3.35455E-01  3.18364E-01  3.05491E-01  2.89709E-01
  2.74182E-01  2.53564E-01  2.40509E-01  2.29673E-01  2.22073E-01  2.05745E-01
  1.94400E-01  1.78218E-01  1.55291E-01  1.33509E-01  1.12273E-01  9.45641E-02
  7.74550E-02  6.57148E-02  5.56057E-02  4.70191E-02  3.89603E-02  3.15953E-02
  2.49390E-02  1.90056E-02  1.38094E-02  9.38956E-03  5.95248E-03  3.68192E-03
  2.86856E-03  2.62951E-03  2.62951E-03  2.62951E-03  2.62951E-03  2.62951E-03
 rn:  d -> al
  4.08000E-03  1.86400E-02  8.85455E-02  1.74873E-01  2.59236E-01  3.29382E-01
  3.74582E-01  4.11564E-01  4.30509E-01  4.57200E-01  4.66764E-01  4.73018E-01
  4.68036E-01  4.62364E-01  4.55091E-01  4.45091E-01  4.38836E-01  4.27091E-01
  4.17964E-01  4.12909E-01  3.96655E-01  3.87018E-01  3.71673E-01  3.59236E-01
  3.34000E-01  3.16400E-01  2.82797E-01  2.62630E-01  2.42313E-01  2.21755E-01
  1.87642E-01  1.63949E-01  1.42325E-01  1.19945E-01  1.01825E-01  8.51645E-02
  6.91461E-02  5.57726E-02  4.40956E-02  3.38152E-02  2.55955E-02  1.89556E-02
  1.36312E-02  9.69183E-03  6.81207E-03  4.68897E-03  3.05976E-03  2.15770E-03
 rn:  d -> si
  3.24000E-03  1.99200E-02  9.13818E-02  1.80836E-01  2.67891E-01  3.37018E-01
  3.82727E-01  4.20764E-01  4.36655E-01  4.52618E-01  4.63018E-01  4.62255E-01
  4.62545E-01  4.60982E-01  4.57200E-01  4.45673E-01  4.38218E-01  4.28509E-01
  4.23927E-01  4.12909E-01  4.04800E-01  3.91527E-01  3.77636E-01  3.59927E-01
  3.38255E-01  3.08102E-01  2.72301E-01  2.40041E-01  2.15214E-01  1.93509E-01
  1.72661E-01  1.51559E-01  1.30683E-01  1.10525E-01  9.15531E-02  7.41682E-02
  5.86763E-02  4.52666E-02  3.40045E-02  2.45667E-02  1.71555E-02  1.12521E-02
  9.09190E-03  8.33424E-03  8.33424E-03  8.33424E-03  8.33424E-03  8.33424E-03
 rn:  d -> v
  7.12000E-03  4.59200E-02  1.59600E-01  2.68400E-01  3.67818E-01  4.42218E-01
  4.95564E-01  5.33309E-01  5.57527E-01  5.68036E-01  5.72509E-01  5.75091E-01
  5.73782E-01  5.62327E-01  5.53091E-01  5.49382E-01  5.45673E-01  5.42727E-01
  5.35273E-01  5.24909E-01  5.16000E-01  5.00764E-01  4.81600E-01  4.69636E-01
  4.56436E-01  4.31491E-01  4.05707E-01  3.75858E-01  3.50010E-01  3.20462E-01
  2.72824E-01  2.41950E-01  2.14567E-01  1.85915E-01  1.63353E-01  1.42244E-01
  1.21082E-01  1.02812E-01  8.59415E-02  7.00927E-02  5.64720E-02  4.45862E-02
  3.43025E-02  2.59908E-02  1.93791E-02  1.41238E-02  9.79400E-03  7.07647E-03
 rn:  d -> fe
  7.72000E-03  5.64000E-02  1.72436E-01  2.84800E-01  3.84545E-01  4.62945E-01
  5.13018E-01  5.53236E-01  5.80400E-01  6.02873E-01  6.05382E-01  6.09055E-01
  5.99418E-01  5.91636E-01  5.85745E-01  5.78036E-01  5.68436E-01  5.61927E-01
  5.47927E-01  5.38509E-01  5.27818E-01  5.11200E-01  5.00655E-01  4.84473E-01
  4.75091E-01  4.57345E-01  4.39782E-01  4.15600E-01  3.84604E-01  3.57548E-01
  3.32157E-01  3.10961E-01  2.89880E-01  2.68245E-01  2.45369E-01  2.21400E-01
  1.96542E-01  1.71052E-01  1.45238E-01  1.17450E-01  9.02187E-02  6.19206E-02
  5.10818E-02  4.68250E-02  4.68250E-02  4.68250E-02  4.68250E-02  4.68250E-02
 rn:  d -> cu
  5.48000E-03  5.44000E-02  1.76145E-01  2.91673E-01  3.93273E-01  4.73818E-01
  5.27418E-01  5.66182E-01  5.90327E-01  6.04800E-01  6.05309E-01  6.13491E-01
  6.10945E-01  6.07855E-01  5.98073E-01  5.93818E-01  5.81345E-01  5.73855E-01
  5.61673E-01  5.51927E-01  5.41418E-01  5.26800E-01  5.14764E-01  4.98727E-01
  4.88618E-01  4.70727E-01  4.49290E-01  4.28616E-01  4.05453E-01  3.78142E-01
  3.34392E-01  3.04025E-01  2.76120E-01  2.46730E-01  2.21817E-01  1.97639E-01
  1.73042E-01  1.50525E-01  1.29008E-01  1.08343E-01  8.96813E-02  7.27986E-02
  5.77760E-02  4.50664E-02  3.46013E-02  2.60304E-02  1.87265E-02  1.38473E-02
 rn:  d -> mo
  8.24000E-03  8.30400E-02  2.29745E-01  3.48945E-01  4.43745E-01  5.07055E-01
  5.53564E-01  5.83891E-01  6.08218E-01  6.11709E-01  6.25927E-01  6.28255E-01
  6.28073E-01  6.27927E-01  6.25091E-01  6.23200E-01  6.22873E-01  6.13709E-01
  6.06109E-01  5.99927E-01  5.86909E-01  5.80109E-01  5.65527E-01  5.57345E-01
  5.43055E-01  5.35127E-01  5.06461E-01  4.80850E-01  4.47280E-01  4.06753E-01
  3.32742E-01  2.89797E-01  2.54408E-01  2.17896E-01  1.92768E-01  1.70436E-01
  1.47788E-01  1.29524E-01  1.12595E-01  9.59770E-02  8.15265E-02  6.82462E-02
  5.59137E-02  4.53218E-02  3.62479E-02  2.83891E-02  2.14886E-02  1.66406E-02
 rn: d -> w
  1.13600E-02  1.01520E-01  2.53709E-01  3.73855E-01  4.68036E-01  5.31636E-01
  5.79309E-01  6.05345E-01  6.32182E-01  6.41855E-01  6.48727E-01  6.49673E-01
  6.58618E-01  6.59527E-01  6.58436E-01  6.55091E-01  6.54618E-01  6.48400E-01
  6.48364E-01  6.47745E-01  6.37345E-01  6.30582E-01  6.22364E-01  6.12509E-01
  6.02764E-01  5.93236E-01  5.76945E-01  5.51164E-01  5.21316E-01  4.87781E-01
  4.56553E-01  4.28450E-01  4.02118E-01  3.76559E-01  3.51311E-01  3.26504E-01
  3.02262E-01  2.78698E-01  2.55918E-01  2.26168E-01  1.91245E-01  1.37138E-01
  1.15912E-01  1.06253E-01  1.06253E-01  1.06253E-01  1.06253E-01  1.06253E-01
 rn:  d -> au
  1.17600E-02  1.01840E-01  2.46545E-01  3.64000E-01  4.57309E-01  5.24873E-01
  5.77091E-01  6.04400E-01  6.17164E-01  6.28145E-01  6.34364E-01  6.44545E-01
  6.45964E-01  6.54255E-01  6.61055E-01  6.63164E-01  6.61455E-01  6.59927E-01
  6.57709E-01  6.53055E-01  6.47636E-01  6.39855E-01  6.27382E-01  6.21236E-01
  6.04691E-01  5.79055E-01  5.66243E-01  5.47440E-01  5.27913E-01  5.02658E-01
  4.66835E-01  4.39505E-01  4.13657E-01  3.86728E-01  3.62513E-01  3.38412E-01
  3.13438E-01  2.88914E-01  2.63777E-01  2.30521E-01  1.92165E-01  1.37006E-01
  1.15178E-01  1.05478E-01  1.05366E-01  1.05247E-01  1.05176E-01  1.05176E-01
 rn:  t -> be
  3.04000E-03  2.08000E-03  3.41818E-03  7.30909E-03  1.70909E-02  3.27636E-02
  5.04727E-02  7.14909E-02  9.52727E-02  1.27382E-01  1.52145E-01  1.73891E-01
  1.82145E-01  1.85018E-01  1.82582E-01  1.75273E-01  1.65127E-01  1.53127E-01
  1.41855E-01  1.37055E-01  1.31655E-01  1.25855E-01  1.15309E-01  1.04909E-01
  9.71818E-02  9.04545E-02  8.48182E-02  7.84545E-02  7.07273E-02  6.09091E-02
  5.02727E-02  4.42727E-02  3.93636E-02  3.45455E-02  2.61364E-02  1.88182E-02
  1.33182E-02  9.61818E-03  7.10000E-03  5.00909E-03  3.39091E-03  2.30909E-03
  1.60636E-03  1.15364E-03  8.21818E-04  5.87273E-04  4.02000E-04  3.00000E-04
 rn:  t -> c
  2.68000E-03  2.40000E-03  8.03636E-03  1.81091E-02  3.50545E-02  5.88727E-02
  9.13818E-02  1.33891E-01  1.78400E-01  2.18036E-01  2.47091E-01  2.68436E-01
  2.67855E-01  2.64327E-01  2.60255E-01  2.54545E-01  2.48800E-01  2.32364E-01
  2.14618E-01  2.00400E-01  1.84800E-01  1.78036E-01  1.66655E-01  1.55818E-01
  1.47200E-01  1.35745E-01  1.20273E-01  1.00325E-01  8.11955E-02  6.47341E-02
  4.84773E-02  2.93977E-02  1.93182E-02  1.30364E-02  9.45455E-03  6.58182E-03
  4.27273E-03  2.82727E-03  2.36364E-03  1.77909E-03  1.20909E-03  7.71818E-04
  5.00909E-04  3.45909E-04  2.42727E-04  1.68182E-04  1.12000E-04  7.85000E-05
 rn:  t -> al
  5.00000E-03  1.24800E-02  5.12364E-02  1.05709E-01  1.80982E-01  2.54509E-01
  3.05927E-01  3.45236E-01  3.75382E-01  3.95091E-01  4.04727E-01  4.06073E-01
  4.05564E-01  4.06945E-01  4.02000E-01  4.03709E-01  3.91600E-01  3.76473E-01
  3.68836E-01  3.53309E-01  3.45964E-01  3.35309E-01  3.28873E-01  3.09891E-01
  2.98655E-01  2.76764E-01  2.58800E-01  2.43447E-01  2.27808E-01  2.07613E-01
  1.70880E-01  1.46909E-01  1.25489E-01  1.03161E-01  8.60546E-02  7.06896E-02
  5.59845E-02  4.42928E-02  3.43476E-02  2.56891E-02  1.90639E-02  1.38500E-02
  9.71054E-03  6.75682E-03  4.61607E-03  3.04847E-03  1.88208E-03  1.29364E-03
 rn:  t -> si
  5.32000E-03  1.36000E-02  5.64000E-02  1.12036E-01  1.84255E-01  2.56691E-01
  3.11636E-01  3.59091E-01  3.84764E-01  4.02800E-01  4.06291E-01  4.12473E-01
  4.10436E-01  4.01236E-01  4.01564E-01  4.04182E-01  4.03236E-01  3.97164E-01
  3.82691E-01  3.67527E-01  3.60255E-01  3.49782E-01  3.46000E-01  3.24545E-01
  3.05127E-01  2.77491E-01  2.53364E-01  2.33709E-01  2.12600E-01  1.90818E-01
  1.70000E-01  1.56455E-01  1.44091E-01  1.31091E-01  1.10909E-01  9.13636E-02
  7.55455E-02  6.18182E-02  4.94545E-02  3.89545E-02  3.10909E-02  2.42273E-02
  1.87727E-02  1.44091E-02  1.09545E-02  8.32727E-03  6.12000E-03  4.74000E-03
 rn:  t -> v
  4.08000E-03  3.53600E-02  1.28582E-01  2.33927E-01  3.25273E-01  4.03418E-01
  4.58182E-01  4.93455E-01  5.20364E-01  5.28473E-01  5.34436E-01  5.33891E-01
  5.31600E-01  5.34982E-01  5.28873E-01  5.27964E-01  5.12873E-01  4.99818E-01
  4.98109E-01  4.88073E-01  4.75891E-01  4.61200E-01  4.48982E-01  4.38873E-01
  4.22727E-01  4.08618E-01  3.99807E-01  3.83683E-01  3.59020E-01  3.19955E-01
  2.36385E-01  1.93449E-01  1.60056E-01  1.24802E-01  1.04419E-01  8.75538E-02
  7.01077E-02  5.83339E-02  4.81533E-02  3.81448E-02  3.06783E-02  2.42963E-02
  1.84878E-02  1.41046E-02  1.05627E-02  7.60713E-03  5.24738E-03  3.92019E-03
 rn:  t -> fe
  5.72000E-03  3.47200E-02  1.29964E-01  2.37491E-01  3.38473E-01  4.14109E-01
  4.66982E-01  5.13236E-01  5.45127E-01  5.66982E-01  5.72655E-01  5.69600E-01
  5.64873E-01  5.56255E-01  5.49418E-01  5.41236E-01  5.36364E-01  5.31891E-01
  5.21018E-01  5.10945E-01  4.92909E-01  4.84218E-01  4.80327E-01  4.63891E-01
  4.48909E-01  4.30145E-01  4.14569E-01  4.01619E-01  3.85968E-01  3.66754E-01
  3.38441E-01  3.14766E-01  2.90987E-01  2.65502E-01  2.41148E-01  2.16522E-01
  1.91443E-01  1.67437E-01  1.44549E-01  1.20053E-01  9.61449E-02  6.74050E-02
  5.62028E-02  5.14494E-02  5.13730E-02  5.12919E-02  5.12433E-02  5.12433E-02
 rn:  t -> cu
  5.08000E-03  4.05600E-02  1.49491E-01  2.60764E-01  3.61455E-01  4.36727E-01
  4.93273E-01  5.24218E-01  5.48655E-01  5.63455E-01  5.73382E-01  5.83782E-01
  5.87818E-01  5.85091E-01  5.78255E-01  5.70764E-01  5.61782E-01  5.50109E-01
  5.38982E-01  5.25164E-01  5.08436E-01  5.00764E-01  5.00218E-01  4.95418E-01
  4.76873E-01  4.55673E-01  4.43192E-01  4.30049E-01  4.07585E-01  3.72162E-01
  2.99489E-01  2.58985E-01  2.25624E-01  1.90254E-01  1.66371E-01  1.44975E-01
  1.22921E-01  1.05392E-01  8.92845E-02  7.36242E-02  6.04678E-02  4.87781E-02
  3.82477E-02  2.96258E-02  2.24673E-02  1.65498E-02  1.16056E-02  8.48990E-03
 rn:  t -> mo
  8.04000E-03  7.12000E-02  2.07709E-01  3.20400E-01  4.16582E-01  4.89055E-01
  5.30218E-01  5.62218E-01  5.81782E-01  5.98691E-01  6.07273E-01  6.12400E-01
  6.09782E-01  6.06800E-01  5.99309E-01  5.97745E-01  5.90473E-01  5.93782E-01
  5.82800E-01  5.79527E-01  5.72982E-01  5.68473E-01  5.58400E-01  5.48182E-01
  5.31964E-01  5.05455E-01  4.87309E-01  4.67309E-01  4.47964E-01  4.25964E-01
  4.00909E-01  3.83455E-01  3.69000E-01  3.54091E-01  3.31364E-01  3.03273E-01
  2.73364E-01  2.47727E-01  2.29818E-01  2.10273E-01  1.85000E-01  1.47455E-01
  1.11818E-01  8.31818E-02  6.13636E-02  4.48182E-02  3.16000E-02  2.38000E-02
 rn:  t -> w
  9.72000E-03  1.04800E-01  2.53782E-01  3.70509E-01  4.75091E-01  5.43345E-01
  5.90036E-01  6.13636E-01  6.29345E-01  6.40545E-01  6.47745E-01  6.50800E-01
  6.57673E-01  6.68036E-01  6.67927E-01  6.61855E-01  6.55418E-01  6.54909E-01
  6.52036E-01  6.50582E-01  6.45964E-01  6.40218E-01  6.32800E-01  6.19527E-01
  6.11527E-01  5.90036E-01  5.69855E-01  5.48400E-01  5.26418E-01  5.11745E-01
  4.99545E-01  4.89182E-01  4.76818E-01  4.60000E-01  4.38727E-01  4.14727E-01
  3.91636E-01  3.68636E-01  3.48455E-01  3.13545E-01  2.70909E-01  2.21818E-01
  1.80909E-01  1.47727E-01  1.21182E-01  9.81818E-02  7.86000E-02  6.54000E-02
 rn:  t -> au
  1.19600E-02  1.11760E-01  2.61236E-01  3.84691E-01  4.80909E-01  5.40509E-01
  5.83273E-01  6.14473E-01  6.38109E-01  6.39091E-01  6.41273E-01  6.45527E-01
  6.55964E-01  6.64255E-01  6.67236E-01  6.67055E-01  6.58582E-01  6.46255E-01
  6.39455E-01  6.35345E-01  6.35382E-01  6.36764E-01  6.29455E-01  6.13964E-01
  5.90545E-01  5.76945E-01  5.56409E-01  5.34475E-01  4.99625E-01  4.57824E-01
  3.95812E-01  3.54097E-01  3.18272E-01  2.82886E-01  2.55278E-01  2.30111E-01
  2.05385E-01  1.83841E-01  1.63580E-01  1.43940E-01  1.26011E-01  1.09174E-01
  9.32670E-02  7.87690E-02  6.55240E-02  5.35303E-02  4.24886E-02  3.40697E-02
 rn:  he -> be
  2.44000E-03  2.48000E-03  2.54545E-03  3.49091E-03  4.98182E-03  9.41818E-03
  1.97091E-02  3.08727E-02  4.30545E-02  5.88364E-02  7.82545E-02  9.67636E-02
  1.14073E-01  1.29564E-01  1.42000E-01  1.48327E-01  1.49927E-01  1.49200E-01
  1.42982E-01  1.32145E-01  1.25745E-01  1.15018E-01  1.02291E-01  9.30182E-02
  8.78909E-02  8.09119E-02  7.31911E-02  6.75139E-02  6.47082E-02  6.27324E-02
  6.04121E-02  5.72402E-02  5.32970E-02  4.87252E-02  4.37116E-02  3.84670E-02
  3.32044E-02  2.81172E-02  2.33656E-02  1.90640E-02  1.52928E-02  1.20835E-02
  9.41890E-03  7.25320E-03  5.52557E-03  4.17070E-03  3.03894E-03  2.29768E-03
 rn:  he -> c
  9.20000E-04  1.84000E-03  2.76364E-03  5.12727E-03  1.26545E-02  2.44000E-02
  4.17818E-02  6.25455E-02  8.72727E-02  1.16109E-01  1.51491E-01  1.79964E-01
  2.04000E-01  2.19818E-01  2.27600E-01  2.33127E-01  2.32109E-01  2.22691E-01
  2.09345E-01  1.97745E-01  1.85200E-01  1.71455E-01  1.61018E-01  1.46036E-01
  1.34909E-01  1.26291E-01  1.17673E-01  1.06545E-01  9.17818E-02  7.66889E-02
  6.49309E-02  5.65954E-02  5.17672E-02  4.78670E-02  4.41173E-02  4.00684E-02
  3.58393E-02  3.15568E-02  2.73460E-02  2.33200E-02  1.95738E-02  1.61754E-02
  1.31767E-02  1.05945E-02  8.41852E-03  6.61895E-03  5.05494E-03  3.96505E-03
 rn:  he -> al
  2.76000E-03  4.40000E-03  2.38182E-02  5.72727E-02  1.05309E-01  1.66255E-01
  2.28073E-01  2.81782E-01  3.21382E-01  3.43273E-01  3.60364E-01  3.74582E-01
  3.87855E-01  3.85855E-01  3.79745E-01  3.69055E-01  3.70000E-01  3.60764E-01
  3.55927E-01  3.40836E-01  3.28691E-01  3.16000E-01  3.03200E-01  3.00545E-01
  2.91055E-01  2.80618E-01  2.66494E-01  2.56237E-01  2.44858E-01  2.29808E-01
  1.98083E-01  1.79928E-01  1.63980E-01  1.46066E-01  1.32242E-01  1.18636E-01
  1.04065E-01  9.11013E-02  7.86165E-02  6.64043E-02  5.55638E-02  4.57623E-02
  3.69428E-02  2.94758E-02  2.31655E-02  1.78899E-02  1.33587E-02  1.03062E-02
 rn:  he -> si
  2.76000E-03  6.48000E-03  2.39636E-02  5.50182E-02  1.05055E-01  1.61600E-01
  2.25782E-01  2.79782E-01  3.17745E-01  3.41127E-01  3.59745E-01  3.67782E-01
  3.77745E-01  3.80982E-01  3.77782E-01  3.72764E-01  3.66618E-01  3.55127E-01
  3.50800E-01  3.39236E-01  3.26800E-01  3.17200E-01  3.09527E-01  3.04800E-01
  2.94582E-01  2.80182E-01  2.62145E-01  2.38200E-01  2.12467E-01  1.86211E-01
  1.69016E-01  1.59392E-01  1.52453E-01  1.45027E-01  1.35934E-01  1.25358E-01
  1.13639E-01  1.01209E-01  8.85376E-02  7.60710E-02  6.41979E-02  5.32237E-02
  4.33613E-02  3.47298E-02  2.73643E-02  2.12268E-02  1.58802E-02  1.21739E-02
 rn:  he -> v
  2.08000E-03  1.08800E-02  6.64364E-02  1.40727E-01  2.32036E-01  3.08327E-01
  3.66873E-01  4.09273E-01  4.46764E-01  4.74036E-01  4.91964E-01  5.02255E-01
  5.07855E-01  5.14291E-01  5.10945E-01  5.05745E-01  4.98145E-01  4.93200E-01
  4.82000E-01  4.66145E-01  4.53782E-01  4.47127E-01  4.31200E-01  4.20764E-01
  4.13127E-01  3.94764E-01  3.83057E-01  3.70466E-01  3.49923E-01  3.17962E-01
  2.50670E-01  2.15234E-01  1.87401E-01  1.58187E-01  1.40416E-01  1.25208E-01
  1.09324E-01  9.75687E-02  8.67654E-02  7.58124E-02  6.65604E-02  5.79177E-02
  4.95476E-02  4.21902E-02  3.54905E-02  2.93543E-02  2.37847E-02  1.96524E-02
 rn:  he -> fe
  3.36000E-03  1.28000E-02  6.41091E-02  1.33055E-01  2.23273E-01  3.09309E-01
  3.75709E-01  4.24582E-01  4.72509E-01  5.04218E-01  5.30509E-01  5.40436E-01
  5.43309E-01  5.46509E-01  5.48982E-01  5.36764E-01  5.29309E-01  5.09164E-01
  4.97345E-01  4.85164E-01  4.86000E-01  4.75200E-01  4.64145E-01  4.55055E-01
  4.40327E-01  4.25382E-01  4.05630E-01  3.89750E-01  3.71518E-01  3.51508E-01
  3.21216E-01  3.01721E-01  2.85464E-01  2.69626E-01  2.58160E-01  2.48260E-01
  2.38864E-01  2.31406E-01  2.24835E-01  2.09483E-01  1.86200E-01  1.36366E-01
  1.16321E-01  1.06519E-01  1.06400E-01  1.06274E-01  1.06198E-01  1.06198E-01
 rn:  he -> cu
  3.44000E-03  1.43200E-02  7.44727E-02  1.53600E-01  2.44618E-01  3.28073E-01
  3.96182E-01  4.51055E-01  4.98436E-01  5.32727E-01  5.52582E-01  5.69273E-01
  5.69564E-01  5.63600E-01  5.68364E-01  5.59600E-01  5.56145E-01  5.42727E-01
  5.30218E-01  5.13127E-01  5.05309E-01  4.90109E-01  4.81273E-01  4.66691E-01
  4.59236E-01  4.47091E-01  4.33810E-01  4.19791E-01  3.98436E-01  3.70500E-01
  3.20276E-01  2.91105E-01  2.67042E-01  2.41981E-01  2.23902E-01  2.06914E-01
  1.88856E-01  1.72839E-01  1.56923E-01  1.40565E-01  1.25145E-01  1.10161E-01
  9.55886E-02  8.20725E-02  6.95296E-02  5.80151E-02  4.73351E-02  3.90905E-02
 rn:  he -> mo
  2.44000E-03  2.61600E-02  1.16655E-01  2.14800E-01  3.08655E-01  3.90545E-01
  4.54218E-01  5.07091E-01  5.39127E-01  5.61127E-01  5.78545E-01  5.91455E-01
  5.92145E-01  5.86509E-01  5.83236E-01  5.76727E-01  5.70145E-01  5.59855E-01
  5.56473E-01  5.53527E-01  5.48218E-01  5.41273E-01  5.30655E-01  5.19345E-01
  5.07236E-01  5.01018E-01  4.91434E-01  4.80711E-01  4.52172E-01  4.07765E-01
  3.14752E-01  2.65910E-01  2.28127E-01  1.89131E-01  1.66452E-01  1.47860E-01
  1.28816E-01  1.15766E-01  1.04223E-01  9.25451E-02  8.31342E-02  7.43763E-02
  6.57043E-02  5.80422E-02  5.08382E-02  4.39275E-02  3.74695E-02  3.23773E-02
 rn:  he -> w
  5.68000E-03  4.95200E-02  1.60145E-01  2.68618E-01  3.61091E-01  4.38218E-01
  4.99418E-01  5.49236E-01  5.83891E-01  6.08618E-01  6.19200E-01  6.24727E-01
  6.28582E-01  6.31527E-01  6.32545E-01  6.27382E-01  6.24873E-01  6.18364E-01
  6.16073E-01  6.11855E-01  6.09855E-01  6.07396E-01  6.07059E-01  6.03661E-01
  5.95568E-01  5.84972E-01  5.72996E-01  5.60166E-01  5.46090E-01  5.30378E-01
  5.12650E-01  4.92535E-01  4.69672E-01  4.43717E-01  4.14344E-01  3.81245E-01
  3.44135E-01  3.02756E-01  2.56876E-01  2.04805E-01  1.52330E-01  1.02766E-01
  8.37703E-02  7.67894E-02  7.67894E-02  7.67894E-02  7.67894E-02  7.67894E-02
 rn:  he -> au
  5.84000E-03  5.24800E-02  1.61273E-01  2.71345E-01  3.68255E-01  4.50582E-01
  5.09636E-01  5.52836E-01  5.75782E-01  5.91600E-01  6.10509E-01  6.23491E-01
  6.26655E-01  6.30000E-01  6.22436E-01  6.20509E-01  6.15418E-01  6.19200E-01
  6.17018E-01  6.16182E-01  6.16291E-01  6.03236E-01  5.91164E-01  5.88436E-01
  5.90073E-01  5.82873E-01  5.73836E-01  5.67927E-01  5.61873E-01  5.54217E-01
  5.38757E-01  5.14879E-01  4.79009E-01  4.40984E-01  4.03871E-01  3.69727E-01
  3.38002E-01  3.08252E-01  2.80153E-01  2.53497E-01  2.28177E-01  2.04161E-01
  1.81467E-01  1.60134E-01  1.40206E-01  1.21722E-01  1.04195E-01  8.99222E-02
 rn:  c -> be
  0.00000E+00  0.00000E+00  0.00000E+00  0.00000E+00  0.00000E+00  0.00000E+00
  1.81818E-05  4.54545E-05  1.63636E-04  3.63636E-04  9.45455E-04  1.82727E-03
  2.78182E-03  3.30000E-03  4.16364E-03  4.74545E-03  5.38182E-03  5.90909E-03
  6.12727E-03  6.34545E-03  6.20909E-03  5.76364E-03  5.07273E-03  4.87273E-03
  4.39091E-03  3.81818E-03  3.24073E-03  2.42517E-03  1.77709E-03  1.25444E-03
  8.98847E-04  6.44052E-04  4.61483E-04  3.30667E-04  2.36934E-04  1.69770E-04
  1.21646E-04  8.71629E-05  6.24550E-05  4.47510E-05  3.20655E-05  2.29759E-05
  1.64630E-05  1.17962E-05  8.45237E-06  6.05638E-06  4.17666E-06  3.04286E-06
 rn:  c -> c
  4.90000E-04  5.40000E-04  7.90909E-04  8.00000E-04  9.63636E-04  1.00000E-03
  1.26364E-03  1.36364E-03  1.99091E-03  2.53636E-03  4.03636E-03  5.95455E-03
  9.40909E-03  1.25000E-02  1.52182E-02  1.79909E-02  2.03727E-02  2.24636E-02
  2.32000E-02  2.33091E-02  2.43818E-02  2.52273E-02  2.48273E-02  2.48091E-02
  2.41273E-02  2.30182E-02  2.08645E-02  1.79506E-02  1.45669E-02  1.15776E-02
  9.19307E-03  7.36959E-03  5.99078E-03  4.91747E-03  4.04463E-03  3.34509E-03
  2.78153E-03  2.32313E-03  1.95108E-03  1.65511E-03  1.40591E-03  1.20109E-03
  1.02922E-03  8.85743E-04  7.64555E-04  6.61616E-04  5.69461E-04  5.00191E-04
 rn:  c -> al
  4.00000E-04  4.80000E-04  9.81818E-04  1.85455E-03  3.70909E-03  8.47273E-03
  1.68000E-02  2.99273E-02  4.17818E-02  5.73455E-02  7.25091E-02  9.52364E-02
  1.16509E-01  1.36545E-01  1.51418E-01  1.72727E-01  1.85964E-01  1.90291E-01
  1.92255E-01  1.88873E-01  1.89055E-01  1.75855E-01  1.69745E-01  1.63345E-01
  1.57527E-01  1.52691E-01  1.44583E-01  1.24889E-01  9.72937E-02  7.15577E-02
  5.12733E-02  3.67389E-02  2.63246E-02  1.88624E-02  1.35155E-02  9.68428E-03
  6.93909E-03  4.97208E-03  3.56265E-03  2.55275E-03  1.82912E-03  1.31063E-03
  9.39104E-04  6.72898E-04  4.82152E-04  3.45477E-04  2.38251E-04  1.73575E-04
 rn:  c -> si
  1.20000E-03  1.04000E-03  6.18182E-04  1.27273E-03  3.30909E-03  1.03273E-02
  2.00000E-02  3.54545E-02  5.10545E-02  6.50182E-02  8.39636E-02  1.02145E-01
  1.24691E-01  1.45927E-01  1.68727E-01  1.76400E-01  1.87782E-01  1.97273E-01
  1.95818E-01  1.90945E-01  1.84509E-01  1.78982E-01  1.78509E-01  1.72109E-01
  1.63018E-01  1.60073E-01  1.48722E-01  1.38851E-01  1.10956E-01  8.39931E-02
  6.01837E-02  4.31235E-02  3.08993E-02  2.21403E-02  1.58642E-02  1.13672E-02
  8.14498E-03  5.83613E-03  4.18177E-03  2.99637E-03  2.14699E-03  1.53839E-03
  1.10230E-03  7.89833E-04  5.65940E-04  4.05514E-04  2.79655E-04  2.03739E-04
 rn:  c -> v
  5.20000E-04  1.28000E-03  3.27273E-03  9.09091E-03  2.32727E-02  4.54909E-02
  7.53818E-02  1.12982E-01  1.49055E-01  1.97745E-01  2.36182E-01  2.74800E-01
  2.99455E-01  3.23745E-01  3.33273E-01  3.32000E-01  3.33418E-01  3.31745E-01
  3.40036E-01  3.43127E-01  3.38218E-01  3.27855E-01  3.21345E-01  3.11055E-01
  3.01455E-01  2.81200E-01  2.65390E-01  2.43127E-01  1.95010E-01  1.46824E-01
  1.05204E-01  7.53821E-02  5.40136E-02  3.87025E-02  2.77315E-02  1.98705E-02
  1.42378E-02  1.02019E-02  7.30995E-03  5.23781E-03  3.75305E-03  2.68918E-03
  1.92688E-03  1.38067E-03  9.89293E-04  7.08860E-04  4.88851E-04  3.56146E-04
 rn:  c -> fe
  1.84000E-03  7.20000E-04  2.98182E-03  9.09091E-03  2.53818E-02  4.82909E-02
  8.29818E-02  1.22255E-01  1.64873E-01  2.10145E-01  2.52145E-01  2.90182E-01
  3.20073E-01  3.45818E-01  3.58073E-01  3.70545E-01  3.67818E-01  3.73745E-01
  3.76145E-01  3.76691E-01  3.63964E-01  3.52727E-01  3.38800E-01  3.26982E-01
  3.17782E-01  3.04473E-01  2.92443E-01  2.63873E-01  2.10063E-01  1.56860E-01
  1.12395E-01  8.05345E-02  5.77054E-02  4.13478E-02  2.96270E-02  2.12286E-02
  1.52110E-02  1.08991E-02  7.80959E-03  5.59581E-03  4.00957E-03  2.87298E-03
  2.05858E-03  1.47504E-03  1.05691E-03  7.57311E-04  5.22264E-04  3.80489E-04
 rn:  c -> cu
  4.40000E-04  7.20000E-04  4.83636E-03  1.44000E-02  3.41455E-02  6.17818E-02
  1.00145E-01  1.45709E-01  1.89636E-01  2.37818E-01  2.83964E-01  3.23236E-01
  3.53600E-01  3.74473E-01  3.91309E-01  4.02400E-01  4.12764E-01  4.19927E-01
  4.15273E-01  4.04364E-01  3.93018E-01  3.78509E-01  3.69418E-01  3.61600E-01
  3.45200E-01  3.44000E-01  3.21489E-01  2.93787E-01  2.32723E-01  1.74749E-01
  1.25214E-01  8.97193E-02  6.42866E-02  4.60634E-02  3.30058E-02  2.36497E-02
  1.69458E-02  1.21422E-02  8.70025E-03  6.23400E-03  4.46686E-03  3.20064E-03
  2.29336E-03  1.64327E-03  1.17745E-03  8.43680E-04  5.81827E-04  4.23883E-04
 rn:  c -> mo
  2.00000E-04  2.40000E-03  1.46909E-02  3.92000E-02  8.12364E-02  1.36182E-01
  1.94909E-01  2.57818E-01  3.10655E-01  3.51636E-01  3.84764E-01  4.15345E-01
  4.44182E-01  4.60327E-01  4.67600E-01  4.70509E-01  4.66436E-01  4.62509E-01
  4.57273E-01  4.55636E-01  4.41673E-01  4.34073E-01  4.22473E-01  4.21273E-01
  4.15055E-01  4.03709E-01  3.89549E-01  3.53971E-01  2.82367E-01  2.11183E-01
  1.51319E-01  1.08425E-01  7.76897E-02  5.56671E-02  3.98872E-02  2.85805E-02
  2.04788E-02  1.46737E-02  1.05142E-02  7.53373E-03  5.39815E-03  3.86794E-03
  2.77150E-03  1.98587E-03  1.42294E-03  1.01958E-03  7.03132E-04  5.12258E-04
 rn:  c -> w
  2.40000E-03  6.08000E-03  3.64000E-02  8.31273E-02  1.44909E-01  2.16036E-01
  2.86073E-01  3.49091E-01  4.02291E-01  4.46582E-01  4.79636E-01  5.10945E-01
  5.25127E-01  5.32073E-01  5.33164E-01  5.37273E-01  5.33782E-01  5.38255E-01
  5.40945E-01  5.34218E-01  5.29891E-01  5.21527E-01  5.17818E-01  5.10436E-01
  5.04873E-01  4.91418E-01  4.75369E-01  4.45072E-01  3.59013E-01  2.71178E-01
  1.94307E-01  1.39227E-01  9.97606E-02  7.14816E-02  5.12188E-02  3.66999E-02
  2.62966E-02  1.88423E-02  1.35011E-02  9.67399E-03  6.93172E-03  4.96679E-03
  3.55886E-03  2.55004E-03  1.82718E-03  1.30923E-03  9.02886E-04  6.57787E-04
 rn:  c -> au
  1.36000E-03  7.76000E-03  4.47636E-02  9.75273E-02  1.60218E-01  2.33164E-01
  2.99891E-01  3.53345E-01  4.00691E-01  4.37418E-01  4.71891E-01  5.03455E-01
  5.21055E-01  5.35309E-01  5.41055E-01  5.38618E-01  5.36036E-01  5.40909E-01
  5.42873E-01  5.40364E-01  5.34545E-01  5.36291E-01  5.32727E-01  5.29091E-01
  5.16909E-01  5.08618E-01  4.81392E-01  4.39406E-01  3.49447E-01  2.62233E-01
  1.87898E-01  1.34635E-01  9.64701E-02  6.91239E-02  4.95294E-02  3.54893E-02
  2.54292E-02  1.82209E-02  1.30558E-02  9.35490E-03  6.70308E-03  4.80296E-03
  3.44147E-03  2.46592E-03  1.76691E-03  1.26605E-03  8.73103E-04  6.36089E-04

 er:  h -> be
  3.70291E-01  4.66169E-01  5.86872E-01  7.38828E-01  9.30129E-01  1.17096E+00
  1.47416E+00  1.85585E+00  2.33638E+00  2.94133E+00  3.70291E+00  4.66169E+00
  5.86872E+00  7.38828E+00  9.30129E+00  1.17096E+01  1.47416E+01  1.85585E+01
  2.33638E+01  2.94133E+01  3.70291E+01  4.66169E+01  5.86872E+01  7.38828E+01
  9.30129E+01  1.17096E+02  1.47416E+02  1.85585E+02  2.33638E+02  2.94133E+02
  3.70291E+02  4.66169E+02  5.86872E+02  7.38828E+02  9.30129E+02  1.17096E+03
  1.47416E+03  1.85585E+03  2.33638E+03  2.94133E+03  3.70291E+03  4.66169E+03
  5.86872E+03  7.38828E+03  9.30129E+03  1.17096E+04  1.47416E+04  1.85585E+04
 er:  h -> c
  1.30396E+00  1.22153E+00  1.23589E+00  1.32373E+00  1.49430E+00  1.78955E+00
  2.17537E+00  2.66390E+00  3.29834E+00  4.13923E+00  5.19330E+00  6.47022E+00
  8.04224E+00  1.00217E+01  1.24595E+01  1.53529E+01  1.91179E+01  2.38201E+01
  2.95763E+01  3.68096E+01  4.59242E+01  5.64386E+01  6.93975E+01  8.48257E+01
  1.04327E+02  1.27405E+02  1.55962E+02  1.90901E+02  2.33818E+02  2.86383E+02
  3.50767E+02  4.29624E+02  5.26210E+02  6.44510E+02  7.89405E+02  9.66874E+02
  1.18424E+03  1.45047E+03  1.77656E+03  2.18404E+03  2.70138E+03  3.38226E+03
  4.25141E+03  5.35221E+03  6.73803E+03  8.48268E+03  1.04855E+04  1.27928E+04
 er:  h -> al
  5.12401E-01  6.45075E-01  8.12101E-01  1.02237E+00  1.28709E+00  1.62035E+00
  2.03991E+00  2.56809E+00  3.23303E+00  4.07015E+00  5.12401E+00  6.45075E+00
  8.12101E+00  1.02237E+01  1.28709E+01  1.62035E+01  2.03991E+01  2.56809E+01
  3.23303E+01  4.07015E+01  5.12401E+01  6.45075E+01  8.12101E+01  1.02237E+02
  1.28709E+02  1.62035E+02  2.03991E+02  2.56809E+02  3.23303E+02  4.07015E+02
  5.12401E+02  6.45075E+02  8.12101E+02  1.02237E+03  1.28709E+03  1.62035E+03
  2.03991E+03  2.56809E+03  3.23303E+03  4.07015E+03  5.12401E+03  6.45075E+03
  8.12101E+03  1.02237E+04  1.28709E+04  1.62035E+04  2.03991E+04  2.56809E+04
 er:  h -> si
  5.24180E-01  6.59904E-01  8.30769E-01  1.04588E+00  1.31668E+00  1.65760E+00
  2.08680E+00  2.62712E+00  3.30735E+00  4.16371E+00  5.24180E+00  6.59904E+00
  8.30769E+00  1.04588E+01  1.31668E+01  1.65760E+01  2.08680E+01  2.62712E+01
  3.30735E+01  4.16371E+01  5.24180E+01  6.59904E+01  8.30769E+01  1.04588E+02
  1.31668E+02  1.65760E+02  2.08680E+02  2.62712E+02  3.30735E+02  4.16371E+02
  5.24180E+02  6.59904E+02  8.30769E+02  1.04588E+03  1.31668E+03  1.65760E+03
  2.08680E+03  2.62712E+03  3.30735E+03  4.16371E+03  5.24180E+03  6.59904E+03
  8.30769E+03  1.04588E+04  1.31668E+04  1.65760E+04  2.08680E+04  2.62712E+04
 er:  h -> v
  1.48667E+00  1.24411E+00  1.31273E+00  1.46758E+00  1.76188E+00  2.15079E+00
  2.68033E+00  3.33664E+00  4.18964E+00  5.24380E+00  6.56685E+00  8.21324E+00
  1.02201E+01  1.27130E+01  1.58093E+01  1.97264E+01  2.43812E+01  3.02153E+01
  3.70728E+01  4.66263E+01  5.81041E+01  7.31169E+01  9.02235E+01  1.12756E+02
  1.36916E+02  1.65747E+02  1.98888E+02  2.38206E+02  2.84752E+02  3.40048E+02
  4.05772E+02  4.83957E+02  5.77077E+02  6.88149E+02  8.20866E+02  9.79762E+02
  1.17042E+03  1.39972E+03  1.67617E+03  2.01031E+03  2.41519E+03  2.90706E+03
  3.50609E+03  4.23742E+03  5.13238E+03  6.23008E+03  7.47284E+03  8.87089E+03
 er:  h -> fe
  1.69662E+00  1.27484E+00  1.32427E+00  1.46622E+00  1.76436E+00  2.16279E+00
  2.68544E+00  3.36157E+00  4.20265E+00  5.25146E+00  6.58980E+00  8.26399E+00
  1.03146E+01  1.28466E+01  1.59825E+01  1.98844E+01  2.46355E+01  3.07589E+01
  3.81813E+01  4.74625E+01  5.90631E+01  7.34414E+01  9.16958E+01  1.13410E+02
  1.42190E+02  1.78172E+02  2.17784E+02  2.64995E+02  3.23381E+02  3.95638E+02
  4.84496E+02  5.93311E+02  7.26566E+02  8.89748E+02  1.08958E+03  1.33429E+03
  1.63397E+03  2.00094E+03  2.45034E+03  3.01189E+03  3.72489E+03  4.66356E+03
  5.86192E+03  7.37972E+03  9.29053E+03  1.16961E+04  1.44577E+04  1.76389E+04
 er:  h -> cu
  1.69910E+00  1.29215E+00  1.32467E+00  1.46789E+00  1.76359E+00  2.16173E+00
  2.68612E+00  3.35247E+00  4.21912E+00  5.32311E+00  6.67957E+00  8.37879E+00
  1.04640E+01  1.29996E+01  1.61631E+01  2.01241E+01  2.50986E+01  3.10326E+01
  3.84308E+01  4.75502E+01  5.92670E+01  7.44085E+01  9.22436E+01  1.14451E+02
  1.41795E+02  1.74412E+02  2.11363E+02  2.54132E+02  3.04374E+02  3.63972E+02
  4.34769E+02  5.18902E+02  6.18960E+02  7.38083E+02  8.80107E+02  1.04972E+03
  1.25266E+03  1.49601E+03  1.78848E+03  2.14083E+03  2.56640E+03  3.08169E+03
  3.70721E+03  4.46847E+03  5.39720E+03  6.53297E+03  7.81674E+03  9.25683E+03
 er:  h -> mo
  1.64504E+00  1.22696E+00  1.32339E+00  1.48939E+00  1.80432E+00  2.22894E+00
  2.75764E+00  3.42519E+00  4.27188E+00  5.34809E+00  6.71029E+00  8.42963E+00
  1.05619E+01  1.31769E+01  1.64235E+01  2.03657E+01  2.54104E+01  3.16863E+01
  3.97187E+01  4.92411E+01  6.12946E+01  7.58552E+01  9.57539E+01  1.20767E+02
  1.51916E+02  1.90502E+02  2.32313E+02  2.80693E+02  3.37185E+02  4.04399E+02
  4.84269E+02  5.79146E+02  6.91848E+02  8.25775E+02  9.85038E+02  1.17463E+03
  1.40065E+03  1.67053E+03  1.99340E+03  2.38048E+03  2.84562E+03  3.40588E+03
  4.08243E+03  4.90147E+03  5.89552E+03  7.10505E+03  8.46838E+03  9.99010E+03
 er:  h -> w
  1.73256E+00  1.27005E+00  1.33858E+00  1.48270E+00  1.79408E+00  2.20730E+00
  2.74595E+00  3.42470E+00  4.28957E+00  5.38715E+00  6.73713E+00  8.48860E+00
  1.06269E+01  1.32414E+01  1.64614E+01  2.05409E+01  2.58624E+01  3.24156E+01
  4.05406E+01  5.04627E+01  6.31985E+01  7.87852E+01  9.87102E+01  1.24192E+02
  1.56890E+02  1.96560E+02  2.43287E+02  2.99495E+02  3.68017E+02  4.52145E+02
  5.55505E+02  6.82492E+02  8.38509E+02  1.03019E+03  1.26569E+03  1.55502E+03
  1.91050E+03  2.34724E+03  2.88382E+03  3.55478E+03  4.40562E+03  5.51949E+03
  6.93908E+03  8.73579E+03  1.09977E+04  1.38453E+04  1.71143E+04  2.08801E+04
 er:  h -> au
  1.67233E+00  1.27449E+00  1.34134E+00  1.49075E+00  1.79301E+00  2.20151E+00
  2.73439E+00  3.43257E+00  4.30237E+00  5.39938E+00  6.73899E+00  8.41877E+00
  1.05521E+01  1.32146E+01  1.64878E+01  2.04438E+01  2.58067E+01  3.23856E+01
  4.07227E+01  5.11974E+01  6.38398E+01  7.89696E+01  9.69635E+01  1.19034E+02
  1.46121E+02  1.79430E+02  2.20332E+02  2.70558E+02  3.32233E+02  4.07967E+02
  5.00965E+02  6.15163E+02  7.55393E+02  9.27590E+02  1.13904E+03  1.39869E+03
  1.71753E+03  2.10905E+03  2.58982E+03  3.19093E+03  3.95333E+03  4.95233E+03
  6.22586E+03  7.83789E+03  9.86731E+03  1.24222E+04  1.53552E+04  1.87340E+04
 er:  d -> be
  3.01639E-01  3.79741E-01  4.78066E-01  6.01849E-01  7.57683E-01  9.53866E-01
  1.20085E+00  1.51178E+00  1.90321E+00  2.39600E+00  3.01639E+00  3.79741E+00
  4.78066E+00  6.01849E+00  7.57683E+00  9.53866E+00  1.20085E+01  1.51178E+01
  1.90321E+01  2.39600E+01  3.01639E+01  3.79741E+01  4.78066E+01  6.01849E+01
  7.57683E+01  9.53866E+01  1.20085E+02  1.51178E+02  1.90321E+02  2.39600E+02
  3.01639E+02  3.79741E+02  4.78066E+02  6.01849E+02  7.57683E+02  9.53866E+02
  1.20085E+03  1.51178E+03  1.90321E+03  2.39600E+03  3.01639E+03  3.79741E+03
  4.78066E+03  6.01849E+03  7.57683E+03  9.53866E+03  1.20085E+04  1.51178E+04
 er:  d -> c
  1.37093E+00  1.64025E+00  1.40364E+00  1.35693E+00  1.40196E+00  1.55389E+00
  1.77188E+00  2.09666E+00  2.57193E+00  3.20482E+00  4.00709E+00  4.99262E+00
  6.25168E+00  7.80903E+00  9.81731E+00  1.22044E+01  1.52128E+01  1.89029E+01
  2.36558E+01  2.93771E+01  3.67107E+01  4.61513E+01  5.72138E+01  7.13014E+01
  8.80540E+01  1.08933E+02  1.35133E+02  1.67628E+02  2.07214E+02  2.55532E+02
  3.13385E+02  3.83265E+02  4.69842E+02  5.76508E+02  7.07788E+02  8.68963E+02
  1.06684E+03  1.30978E+03  1.60803E+03  1.98093E+03  2.45392E+03  3.07389E+03
  3.86432E+03  4.86490E+03  6.12454E+03  7.71035E+03  9.53084E+03  1.16280E+04
 er:  d -> al
  1.44817E+00  1.37788E+00  1.30753E+00  1.37758E+00  1.55970E+00  1.86867E+00
  2.28823E+00  2.81768E+00  3.50512E+00  4.35743E+00  5.43107E+00  6.79904E+00
  8.50133E+00  1.05891E+01  1.31325E+01  1.63688E+01  2.03925E+01  2.53590E+01
  3.15128E+01  3.95372E+01  4.96920E+01  6.26033E+01  7.86591E+01  9.86416E+01
  1.23723E+02  1.52450E+02  1.87031E+02  2.28829E+02  2.79939E+02  3.42369E+02
  4.18623E+02  5.11761E+02  6.25526E+02  7.64501E+02  9.34294E+02  1.14178E+03
  1.39538E+03  1.70545E+03  2.08465E+03  2.54860E+03  3.11644E+03  3.81175E+03
  4.66355E+03  5.70758E+03  6.98792E+03  8.55892E+03  1.03374E+04  1.23344E+04
 er:  d -> si
  4.97097E-01  6.25808E-01  7.87846E-01  9.91839E-01  1.24865E+00  1.57196E+00
  1.97898E+00  2.49139E+00  3.13647E+00  3.94858E+00  4.97097E+00  6.25808E+00
  7.87846E+00  9.91839E+00  1.24865E+01  1.57196E+01  1.97898E+01  2.49139E+01
  3.13647E+01  3.94858E+01  4.97097E+01  6.25808E+01  7.87846E+01  9.91839E+01
  1.24865E+02  1.57196E+02  1.97898E+02  2.49139E+02  3.13647E+02  3.94858E+02
  4.97097E+02  6.25808E+02  7.87846E+02  9.91839E+02  1.24865E+03  1.57196E+03
  1.97898E+03  2.49139E+03  3.13647E+03  3.94858E+03  4.97097E+03  6.25808E+03
  7.87846E+03  9.91839E+03  1.24865E+04  1.57196E+04  1.97898E+04  2.49139E+04
 er:  d -> v
  1.52373E+00  1.23479E+00  1.28506E+00  1.41381E+00  1.69375E+00  2.06796E+00
  2.56880E+00  3.19630E+00  4.02146E+00  5.01085E+00  6.27187E+00  7.79216E+00
  9.70902E+00  1.20322E+01  1.50366E+01  1.88707E+01  2.34815E+01  2.91680E+01
  3.64783E+01  4.50798E+01  5.58883E+01  7.00443E+01  8.71373E+01  1.09308E+02
  1.34832E+02  1.65897E+02  2.03381E+02  2.49222E+02  3.05220E+02  3.73653E+02
  4.57264E+02  5.59405E+02  6.84170E+02  8.36561E+02  1.02269E+03  1.25005E+03
  1.52778E+03  1.86710E+03  2.28174E+03  2.78854E+03  3.40815E+03  4.16593E+03
  5.09301E+03  6.22769E+03  7.61704E+03  9.31904E+03  1.12440E+04  1.34017E+04
 er:  d -> fe
  1.41740E+00  1.24172E+00  1.28028E+00  1.42640E+00  1.70397E+00  2.08934E+00
  2.59294E+00  3.21860E+00  4.02506E+00  5.05934E+00  6.34504E+00  8.00241E+00
  9.99501E+00  1.23926E+01  1.54629E+01  1.91929E+01  2.39588E+01  2.98530E+01
  3.70073E+01  4.57235E+01  5.67710E+01  7.08314E+01  8.95815E+01  1.12300E+02
  1.41482E+02  1.75560E+02  2.17041E+02  2.67101E+02  3.28485E+02  4.03839E+02
  4.96478E+02  6.10368E+02  7.50384E+02  9.22520E+02  1.13414E+03  1.39431E+03
  1.71416E+03  2.10738E+03  2.59081E+03  3.19540E+03  3.96189E+03  4.96422E+03
  6.24123E+03  7.85724E+03  9.89167E+03  1.24529E+04  1.53931E+04  1.87802E+04
 er:  d -> cu
  1.62596E+00  1.25747E+00  1.30318E+00  1.44096E+00  1.72268E+00  2.11754E+00
  2.63584E+00  3.29753E+00  4.11469E+00  5.15783E+00  6.44955E+00  8.10678E+00
  1.01386E+01  1.26425E+01  1.58468E+01  1.97283E+01  2.42448E+01  3.01024E+01
  3.74092E+01  4.70237E+01  5.90655E+01  7.42752E+01  9.22318E+01  1.13788E+02
  1.40396E+02  1.71803E+02  2.10578E+02  2.57979E+02  3.16120E+02  3.87194E+02
  4.74055E+02  5.80187E+02  7.09846E+02  8.68228E+02  1.06168E+03  1.29797E+03
  1.58658E+03  1.93913E+03  2.36984E+03  2.89613E+03  3.53935E+03  4.32569E+03
  5.28727E+03  6.46359E+03  7.90313E+03  9.66556E+03  1.16582E+04  1.38902E+04
 er:  d -> mo
  1.66269E+00  1.24530E+00  1.31896E+00  1.47568E+00  1.79331E+00  2.21363E+00
  2.75196E+00  3.43464E+00  4.32212E+00  5.42666E+00  6.77594E+00  8.49728E+00
  1.05008E+01  1.31256E+01  1.63046E+01  2.04400E+01  2.55446E+01  3.19471E+01
  3.98356E+01  4.97641E+01  6.17045E+01  7.69451E+01  9.59984E+01  1.20220E+02
  1.47362E+02  1.80938E+02  2.21869E+02  2.72288E+02  3.33987E+02  4.09461E+02
  5.01753E+02  6.14577E+02  7.52464E+02  9.20946E+02  1.12678E+03  1.37820E+03
  1.68531E+03  2.06041E+03  2.51857E+03  3.07824E+03  3.76198E+03  4.59743E+03
  5.61849E+03  6.86671E+03  8.39310E+03  1.02603E+04  1.23704E+04  1.47317E+04
 er: d -> w
  1.70182E+00  1.25271E+00  1.34247E+00  1.51454E+00  1.84884E+00  2.28877E+00
  2.84654E+00  3.56560E+00  4.44698E+00  5.58459E+00  6.98293E+00  8.76571E+00
  1.09620E+01  1.37037E+01  1.70642E+01  2.13145E+01  2.66164E+01  3.33600E+01
  4.15716E+01  5.18361E+01  6.55295E+01  8.19285E+01  1.03493E+02  1.29660E+02
  1.63154E+02  2.05664E+02  2.57859E+02  3.23187E+02  3.97219E+02  4.85806E+02
  5.77655E+02  7.01404E+02  8.56137E+02  1.05004E+03  1.28786E+03  1.57954E+03
  1.93728E+03  2.37605E+03  2.91419E+03  3.58685E+03  4.44041E+03  5.56113E+03
  6.99074E+03  8.80082E+03  1.10796E+04  1.39483E+04  1.72417E+04  2.10356E+04
 er:  d -> au
  1.69850E+00  1.27250E+00  1.34418E+00  1.50539E+00  1.82715E+00  2.26784E+00
  2.82278E+00  3.52520E+00  4.42094E+00  5.55225E+00  6.92951E+00  8.68770E+00
  1.08819E+01  1.36565E+01  1.70588E+01  2.13224E+01  2.65561E+01  3.31156E+01
  4.14977E+01  5.17812E+01  6.49610E+01  8.14700E+01  1.01897E+02  1.25973E+02
  1.55651E+02  1.92200E+02  2.37452E+02  2.93358E+02  3.62427E+02  4.47758E+02
  5.53178E+02  6.83419E+02  8.44325E+02  1.04311E+03  1.28871E+03  1.59212E+03
  1.96697E+03  2.43008E+03  3.00223E+03  3.71862E+03  4.62525E+03  5.80114E+03
  7.29547E+03  9.18444E+03  1.15625E+04  1.45564E+04  1.79933E+04  2.19525E+04
 er:  t -> be
  1.35184E+00  1.41398E+00  1.40104E+00  1.40261E+00  1.34561E+00  1.39165E+00
  1.56970E+00  1.76274E+00  2.02119E+00  2.28920E+00  2.64350E+00  3.13384E+00
  3.84789E+00  4.84111E+00  6.05980E+00  7.51919E+00  9.34474E+00  1.15773E+01
  1.43910E+01  1.82517E+01  2.25884E+01  2.81167E+01  3.64232E+01  4.61944E+01
  5.99159E+01  7.53268E+01  9.33370E+01  1.11206E+02  1.29545E+02  1.61909E+02
  2.09818E+02  2.64545E+02  3.21818E+02  3.75455E+02  3.99091E+02  4.05455E+02
  4.33636E+02  6.16364E+02  1.44364E+03  3.12818E+03  6.01455E+03  8.31818E+03
  1.02636E+04  1.13727E+04  1.14091E+04  9.95455E+03  7.60000E+03  5.25000E+03
 er:  t -> c
  1.32357E+00  1.30989E+00  1.44689E+00  1.39012E+00  1.43615E+00  1.51215E+00
  1.65687E+00  1.86929E+00  2.16700E+00  2.57889E+00  3.16680E+00  3.91727E+00
  4.89296E+00  6.07023E+00  7.66899E+00  9.58173E+00  1.20623E+01  1.50775E+01
  1.85405E+01  2.35356E+01  2.91559E+01  3.69948E+01  4.59353E+01  5.74581E+01
  7.24215E+01  9.12408E+01  1.15892E+02  1.45717E+02  1.81404E+02  2.23086E+02
  2.71576E+02  3.29618E+02  3.98902E+02  4.80909E+02  5.63636E+02  6.71818E+02
  8.20909E+02  9.76364E+02  1.07818E+03  1.02000E+03  8.43636E+02  6.19091E+02
  4.14545E+02  2.58909E+02  1.52545E+02  7.76364E+01  2.68000E+01  1.12000E+01
 er:  t -> al
  1.34442E+00  1.41183E+00  1.26923E+00  1.32123E+00  1.46072E+00  1.71619E+00
  2.07464E+00  2.55861E+00  3.17569E+00  3.94909E+00  4.89205E+00  6.03834E+00
  7.49426E+00  9.36770E+00  1.17658E+01  1.47778E+01  1.83683E+01  2.29212E+01
  2.84178E+01  3.53528E+01  4.46924E+01  5.62687E+01  7.06171E+01  8.91031E+01
  1.11576E+02  1.41481E+02  1.78010E+02  2.23697E+02  2.78916E+02  3.43233E+02
  4.20432E+02  5.13986E+02  6.28258E+02  7.67850E+02  9.38393E+02  1.14679E+03
  1.40150E+03  1.71289E+03  2.09371E+03  2.55960E+03  3.12979E+03  3.82793E+03
  4.68313E+03  5.73125E+03  7.01650E+03  8.59340E+03  1.03784E+04  1.23827E+04
 er:  t -> si
  1.38723E+00  1.49568E+00  1.33072E+00  1.34870E+00  1.45165E+00  1.70658E+00
  2.08362E+00  2.57644E+00  3.18267E+00  3.95099E+00  4.94546E+00  6.19528E+00
  7.65460E+00  9.48840E+00  1.18766E+01  1.47925E+01  1.83701E+01  2.26486E+01
  2.81723E+01  3.54700E+01  4.46400E+01  5.72012E+01  7.16598E+01  9.10345E+01
  1.14285E+02  1.44984E+02  1.78939E+02  2.19955E+02  2.70000E+02  3.30455E+02
  4.07727E+02  5.00000E+02  6.12727E+02  7.47273E+02  9.10909E+02  1.09818E+03
  1.32818E+03  1.59818E+03  1.91818E+03  2.18182E+03  2.35000E+03  2.37727E+03
  2.35273E+03  2.30727E+03  2.27000E+03  2.22455E+03  2.18200E+03  2.15300E+03
 er:  t -> v
  1.35368E+00  1.22639E+00  1.26173E+00  1.38399E+00  1.62661E+00  1.97090E+00
  2.42703E+00  3.00815E+00  3.76724E+00  4.69504E+00  5.88168E+00  7.32654E+00
  9.21968E+00  1.13713E+01  1.41993E+01  1.76811E+01  2.19967E+01  2.74148E+01
  3.39917E+01  4.20487E+01  5.27787E+01  6.61367E+01  8.42882E+01  1.04946E+02
  1.32727E+02  1.65699E+02  2.03859E+02  2.49907E+02  3.05910E+02  3.74508E+02
  4.58323E+02  5.60715E+02  6.85787E+02  8.38553E+02  1.02514E+03  1.25306E+03
  1.53147E+03  1.87161E+03  2.28726E+03  2.79527E+03  3.41635E+03  4.17590E+03
  5.10513E+03  6.24239E+03  7.63486E+03  9.34061E+03  1.12698E+04  1.34321E+04
 er:  t -> fe
  1.62186E+00  1.25923E+00  1.28614E+00  1.38972E+00  1.64623E+00  2.00090E+00
  2.46475E+00  3.05360E+00  3.81971E+00  4.77424E+00  5.99505E+00  7.50295E+00
  9.33007E+00  1.16326E+01  1.45145E+01  1.79424E+01  2.24745E+01  2.79055E+01
  3.52454E+01  4.37089E+01  5.53894E+01  6.87241E+01  8.50447E+01  1.06335E+02
  1.33492E+02  1.68819E+02  2.11087E+02  2.61152E+02  3.22153E+02  3.97113E+02
  4.89625E+02  6.03690E+02  7.44328E+02  9.17731E+02  1.13153E+03  1.39513E+03
  1.72015E+03  2.12088E+03  2.61496E+03  3.23332E+03  4.01641E+03  5.03548E+03
  6.33186E+03  7.97134E+03  1.00353E+04  1.26337E+04  1.56167E+04  1.90529E+04
 er:  t -> cu
  1.35150E+00  1.20830E+00  1.26444E+00  1.40796E+00  1.67112E+00  2.04483E+00
  2.52273E+00  3.12858E+00  3.90715E+00  4.87685E+00  6.14905E+00  7.68924E+00
  9.59745E+00  1.18853E+01  1.48446E+01  1.85838E+01  2.32604E+01  2.90453E+01
  3.63885E+01  4.54400E+01  5.66293E+01  7.09974E+01  8.84090E+01  1.10910E+02
  1.38756E+02  1.71377E+02  2.11679E+02  2.58776E+02  3.16913E+02  3.87898E+02
  4.74930E+02  5.81272E+02  7.11188E+02  8.69885E+02  1.06372E+03  1.30048E+03
  1.58966E+03  1.94291E+03  2.37448E+03  2.90180E+03  3.54626E+03  4.33411E+03
  5.29753E+03  6.47605E+03  7.91826E+03  9.68391E+03  1.16802E+04  1.39162E+04
 er:  t -> mo
  1.42014E+00  1.21280E+00  1.28885E+00  1.45912E+00  1.75780E+00  2.16613E+00
  2.68397E+00  3.35181E+00  4.16500E+00  5.20236E+00  6.47300E+00  8.10657E+00
  1.01171E+01  1.26714E+01  1.58502E+01  1.98991E+01  2.48251E+01  3.09645E+01
  3.84727E+01  4.80762E+01  5.99298E+01  7.57669E+01  9.49666E+01  1.18948E+02
  1.50662E+02  1.90316E+02  2.41348E+02  3.01861E+02  3.80738E+02  4.78182E+02
  5.92727E+02  7.29091E+02  8.88182E+02  1.07818E+03  1.32000E+03  1.60000E+03
  1.96364E+03  2.37727E+03  2.90000E+03  3.52727E+03  4.25000E+03  5.20909E+03
  6.37273E+03  7.84545E+03  9.64545E+03  1.18636E+04  1.45000E+04  1.72000E+04
 er:  t -> w
  1.54597E+00  1.22576E+00  1.32970E+00  1.51281E+00  1.84390E+00  2.27466E+00
  2.83051E+00  3.53829E+00  4.43742E+00  5.56054E+00  6.94885E+00  8.67710E+00
  1.08948E+01  1.35776E+01  1.69845E+01  2.11780E+01  2.63249E+01  3.32275E+01
  4.14826E+01  5.21231E+01  6.50934E+01  8.14424E+01  1.02127E+02  1.29261E+02
  1.64140E+02  2.07055E+02  2.60845E+02  3.29418E+02  4.10867E+02  5.13985E+02
  6.39091E+02  7.95455E+02  9.74545E+02  1.19909E+03  1.48818E+03  1.86000E+03
  2.32273E+03  2.89091E+03  3.49091E+03  4.18182E+03  4.99545E+03  5.99091E+03
  7.15455E+03  8.58182E+03  1.02000E+04  1.21727E+04  1.43200E+04  1.67200E+04
 er:  t -> au
  1.47133E+00  1.20676E+00  1.32272E+00  1.51733E+00  1.84393E+00  2.27946E+00
  2.83826E+00  3.54132E+00  4.45157E+00  5.59168E+00  7.03213E+00  8.74008E+00
  1.09174E+01  1.35880E+01  1.69946E+01  2.11483E+01  2.64861E+01  3.32616E+01
  4.20277E+01  5.27474E+01  6.63196E+01  8.33185E+01  1.04215E+02  1.29234E+02
  1.59581E+02  1.96573E+02  2.41914E+02  2.97504E+02  3.65647E+02  4.49135E+02
  5.51373E+02  6.76515E+02  8.29631E+02  1.01690E+03  1.24587E+03  1.52575E+03
  1.86777E+03  2.28564E+03  2.79612E+03  3.41966E+03  4.18126E+03  5.11150E+03
  6.24777E+03  7.63582E+03  9.33170E+03  1.14041E+04  1.37446E+04  1.63603E+04
 er:  he -> be
  1.60637E-01  2.02230E-01  2.54592E-01  3.20513E-01  4.03502E-01  5.07979E-01
  6.39507E-01  8.05092E-01  1.01355E+00  1.27599E+00  1.60637E+00  2.02230E+00
  2.54592E+00  3.20513E+00  4.03502E+00  5.07979E+00  6.39507E+00  8.05092E+00
  1.01355E+01  1.27599E+01  1.60637E+01  2.02230E+01  2.54592E+01  3.20513E+01
  4.03502E+01  5.07979E+01  6.39507E+01  8.05092E+01  1.01355E+02  1.27599E+02
  1.60637E+02  2.02230E+02  2.54592E+02  3.20513E+02  4.03502E+02  5.07979E+02
  6.39507E+02  8.05092E+02  1.01355E+03  1.27599E+03  1.60637E+03  2.02230E+03
  2.54592E+03  3.20513E+03  4.03502E+03  5.07979E+03  6.39507E+03  8.05092E+03
 er:  he -> c
  1.46204E+00  1.58596E+00  1.70478E+00  1.72348E+00  1.64497E+00  1.58881E+00
  1.60116E+00  1.69472E+00  1.92047E+00  2.22357E+00  2.62711E+00  3.07990E+00
  3.75348E+00  4.60203E+00  5.79584E+00  7.25706E+00  9.06594E+00  1.14544E+01
  1.43423E+01  1.76258E+01  2.19090E+01  2.75830E+01  3.50208E+01  4.51208E+01
  5.56249E+01  7.10673E+01  8.98562E+01  1.15327E+02  1.46284E+02  2.05465E+02
  2.97932E+02  4.67383E+02  6.12997E+02  7.70127E+02  9.42305E+02  1.15295E+03
  1.41070E+03  1.72616E+03  2.11236E+03  2.58531E+03  3.16470E+03  3.87474E+03
  4.74527E+03  5.81302E+03  7.12328E+03  8.73193E+03  1.05535E+04  1.26001E+04
 er:  he -> al
  3.71535E-01  4.67735E-01  5.88843E-01  7.41310E-01  9.33254E-01  1.17490E+00
  1.47911E+00  1.86209E+00  2.34423E+00  2.95121E+00  3.71535E+00  4.67735E+00
  5.88843E+00  7.41310E+00  9.33254E+00  1.17490E+01  1.47911E+01  1.86209E+01
  2.34423E+01  2.95121E+01  3.71535E+01  4.67735E+01  5.88843E+01  7.41310E+01
  9.33254E+01  1.17490E+02  1.47911E+02  1.86209E+02  2.34423E+02  2.95121E+02
  3.71535E+02  4.67735E+02  5.88843E+02  7.41310E+02  9.33254E+02  1.17490E+03
  1.47911E+03  1.86209E+03  2.34423E+03  2.95121E+03  3.71535E+03  4.67735E+03
  5.88843E+03  7.41310E+03  9.33254E+03  1.17490E+04  1.47911E+04  1.86209E+04
 er:  he -> si
  3.83329E-01  4.82583E-01  6.07536E-01  7.64842E-01  9.62879E-01  1.21219E+00
  1.52606E+00  1.92120E+00  2.41864E+00  3.04489E+00  3.83329E+00  4.82583E+00
  6.07536E+00  7.64842E+00  9.62879E+00  1.21219E+01  1.52606E+01  1.92120E+01
  2.41864E+01  3.04489E+01  3.83329E+01  4.82583E+01  6.07536E+01  7.64842E+01
  9.62879E+01  1.21219E+02  1.52606E+02  1.92120E+02  2.41864E+02  3.04489E+02
  3.83329E+02  4.82583E+02  6.07536E+02  7.64842E+02  9.62879E+02  1.21219E+03
  1.52606E+03  1.92120E+03  2.41864E+03  3.04489E+03  3.83329E+03  4.82583E+03
  6.07536E+03  7.64842E+03  9.62879E+03  1.21219E+04  1.52606E+04  1.92120E+04
 er:  he -> v
  4.60192E-01  5.79347E-01  7.29355E-01  9.18204E-01  1.15595E+00  1.45525E+00
  1.83206E+00  2.30642E+00  2.90362E+00  3.65543E+00  4.60192E+00  5.79347E+00
  7.29355E+00  9.18204E+00  1.15595E+01  1.45525E+01  1.83206E+01  2.30642E+01
  2.90362E+01  3.65543E+01  4.60192E+01  5.79347E+01  7.29355E+01  9.18204E+01
  1.15595E+02  1.45525E+02  1.83206E+02  2.30642E+02  2.90362E+02  3.65543E+02
  4.60192E+02  5.79347E+02  7.29355E+02  9.18204E+02  1.15595E+03  1.45525E+03
  1.83206E+03  2.30642E+03  2.90362E+03  3.65543E+03  4.60192E+03  5.79347E+03
  7.29355E+03  9.18204E+03  1.15595E+04  1.45525E+04  1.83206E+04  2.30642E+04
 er:  he -> fe
  1.31269E+00  1.30730E+00  1.25174E+00  1.33250E+00  1.50045E+00  1.79685E+00
  2.18812E+00  2.72211E+00  3.38142E+00  4.24532E+00  5.31970E+00  6.69454E+00
  8.38955E+00  1.05519E+01  1.33341E+01  1.67259E+01  2.09855E+01  2.60649E+01
  3.22799E+01  4.01994E+01  5.01371E+01  6.27472E+01  7.90097E+01  9.81368E+01
  1.21121E+02  1.49883E+02  1.89412E+02  2.45573E+02  3.16570E+02  3.97643E+02
  4.94761E+02  6.13302E+02  7.60243E+02  9.42390E+02  1.16818E+03  1.44806E+03
  1.79501E+03  2.22507E+03  2.75818E+03  3.42627E+03  4.27085E+03  5.36023E+03
  6.74228E+03  8.48803E+03  1.06858E+04  1.34526E+04  1.66289E+04  2.02879E+04
 er:  he -> cu
  1.37222E+00  1.22356E+00  1.24327E+00  1.33817E+00  1.53853E+00  1.84488E+00
  2.25033E+00  2.77596E+00  3.46823E+00  4.35603E+00  5.48376E+00  6.88621E+00
  8.63598E+00  1.08189E+01  1.36382E+01  1.70643E+01  2.12372E+01  2.65452E+01
  3.33575E+01  4.16321E+01  5.21044E+01  6.50325E+01  8.16647E+01  1.02080E+02
  1.26980E+02  1.58728E+02  2.00433E+02  2.52047E+02  3.21806E+02  4.06911E+02
  5.11585E+02  6.32067E+02  7.76791E+02  9.52197E+02  1.16680E+03  1.42933E+03
  1.75043E+03  2.14314E+03  2.62342E+03  3.21077E+03  3.92912E+03  4.80774E+03
  5.88252E+03  7.19750E+03  8.80667E+03  1.07764E+04  1.30030E+04  1.54959E+04
 er:  he -> mo
  1.39557E+00  1.18565E+00  1.23952E+00  1.36405E+00  1.61468E+00  1.96617E+00
  2.42636E+00  3.01830E+00  3.77015E+00  4.71911E+00  5.94061E+00  7.47737E+00
  9.44818E+00  1.18024E+01  1.47689E+01  1.84733E+01  2.30031E+01  2.87015E+01
  3.56097E+01  4.45382E+01  5.59013E+01  7.05834E+01  8.87730E+01  1.11601E+02
  1.39505E+02  1.73654E+02  2.16292E+02  2.70745E+02  3.41379E+02  4.29709E+02
  5.38500E+02  6.65329E+02  8.18117E+02  1.00364E+03  1.23073E+03  1.50863E+03
  1.84864E+03  2.26457E+03  2.77330E+03  3.39549E+03  4.15640E+03  5.08697E+03
  6.22506E+03  7.61708E+03  9.31991E+03  1.14033E+04  1.37578E+04  1.63924E+04
 er:  he -> w
  1.65685E+00  1.27903E+00  1.31276E+00  1.42887E+00  1.70061E+00  2.07459E+00
  2.58490E+00  3.22274E+00  4.08581E+00  5.08914E+00  6.39213E+00  8.00441E+00
  1.00533E+01  1.26971E+01  1.59848E+01  2.00303E+01  2.50189E+01  3.13006E+01
  3.91968E+01  4.86950E+01  6.08228E+01  7.56618E+01  9.52654E+01  1.20744E+02
  1.51776E+02  1.90925E+02  2.41035E+02  3.07440E+02  3.91638E+02  4.89825E+02
  6.08800E+02  7.54542E+02  9.35174E+02  1.15905E+03  1.43652E+03  1.78041E+03
  2.20662E+03  2.73488E+03  3.38958E+03  4.21004E+03  5.24728E+03  6.58552E+03
  8.28340E+03  1.04282E+04  1.31283E+04  1.65276E+04  2.04299E+04  2.49253E+04
 er:  he -> au
  1.67062E+00  1.27313E+00  1.31174E+00  1.43656E+00  1.71045E+00  2.09153E+00
  2.58678E+00  3.23526E+00  4.06091E+00  5.11123E+00  6.44435E+00  8.09947E+00
  1.01726E+01  1.26821E+01  1.58877E+01  1.97608E+01  2.45940E+01  3.09572E+01
  3.85832E+01  4.85519E+01  6.08868E+01  7.67768E+01  9.65560E+01  1.21264E+02
  1.52197E+02  1.91857E+02  2.42241E+02  3.05905E+02  3.85511E+02  4.78154E+02
  5.89863E+02  7.25571E+02  8.92020E+02  1.09609E+03  1.34616E+03  1.65252E+03
  2.02768E+03  2.48695E+03  3.04906E+03  3.73685E+03  4.57828E+03  5.60751E+03
  6.86632E+03  8.40583E+03  1.02886E+04  1.25912E+04  1.51927E+04  1.81020E+04
 er:  c -> be
  9.13980E-02  1.15063E-01  1.44856E-01  1.82363E-01  2.29581E-01  2.89026E-01
  3.63862E-01  4.58075E-01  5.76682E-01  7.26000E-01  9.13980E-01  1.15063E+00
  1.44856E+00  1.82363E+00  2.29581E+00  2.89026E+00  3.63862E+00  4.58075E+00
  5.76682E+00  7.26000E+00  9.13980E+00  1.15063E+01  1.44856E+01  1.82363E+01
  2.29581E+01  2.89026E+01  3.63862E+01  4.58075E+01  5.76682E+01  7.26000E+01
  9.13980E+01  1.15063E+02  1.44856E+02  1.82363E+02  2.29581E+02  2.89026E+02
  3.63862E+02  4.58075E+02  5.76682E+02  7.26000E+02  9.13980E+02  1.15063E+03
  1.44856E+03  1.82363E+03  2.29581E+03  2.89026E+03  3.63862E+03  4.58075E+03
 er:  c -> c
  1.69070E+00  1.88981E+00  1.88034E+00  1.87716E+00  1.97855E+00  2.27298E+00
  2.54103E+00  2.71080E+00  2.72928E+00  2.69619E+00  2.71742E+00  2.87583E+00
  3.23244E+00  3.43530E+00  3.79864E+00  4.43296E+00  5.18726E+00  6.17279E+00
  6.88118E+00  7.78031E+00  9.76062E+00  1.22172E+01  1.54293E+01  1.84538E+01
  2.23256E+01  2.56653E+01  2.82232E+01  3.25594E+01  3.85032E+01  4.74955E+01
  5.91749E+01  7.40487E+01  9.26611E+01  1.15952E+02  1.45097E+02  1.81567E+02
  2.27204E+02  2.84312E+02  3.55775E+02  4.45200E+02  5.57102E+02  6.97131E+02
  8.72357E+02  1.09163E+03  1.36601E+03  1.70936E+03  2.10223E+03  2.55202E+03
 er:  c -> al
  1.37912E-01  1.73621E-01  2.18576E-01  2.75171E-01  3.46419E-01  4.36116E-01
  5.49038E-01  6.91197E-01  8.70166E-01  1.09547E+00  1.37912E+00  1.73621E+00
  2.18576E+00  2.75171E+00  3.46419E+00  4.36116E+00  5.49038E+00  6.91197E+00
  8.70166E+00  1.09547E+01  1.37912E+01  1.73621E+01  2.18576E+01  2.75171E+01
  3.46419E+01  4.36116E+01  5.49038E+01  6.91197E+01  8.70166E+01  1.09547E+02
  1.37912E+02  1.73621E+02  2.18576E+02  2.75171E+02  3.46419E+02  4.36116E+02
  5.49038E+02  6.91197E+02  8.70166E+02  1.09547E+03  1.37912E+03  1.73621E+03
  2.18576E+03  2.75171E+03  3.46419E+03  4.36116E+03  5.49038E+03  6.91197E+03
 er:  c -> si
  1.47059E-01  1.85136E-01  2.33073E-01  2.93421E-01  3.69396E-01  4.65041E-01
  5.85452E-01  7.37041E-01  9.27880E-01  1.16813E+00  1.47059E+00  1.85136E+00
  2.33073E+00  2.93421E+00  3.69396E+00  4.65041E+00  5.85452E+00  7.37041E+00
  9.27880E+00  1.16813E+01  1.47059E+01  1.85136E+01  2.33073E+01  2.93421E+01
  3.69396E+01  4.65041E+01  5.85452E+01  7.37041E+01  9.27880E+01  1.16813E+02
  1.47059E+02  1.85136E+02  2.33073E+02  2.93421E+02  3.69396E+02  4.65041E+02
  5.85452E+02  7.37041E+02  9.27880E+02  1.16813E+03  1.47059E+03  1.85136E+03
  2.33073E+03  2.93421E+03  3.69396E+03  4.65041E+03  5.85452E+03  7.37041E+03
 er:  c -> v
  2.70072E-01  3.40001E-01  4.28035E-01  5.38864E-01  6.78390E-01  8.54043E-01
  1.07518E+00  1.35357E+00  1.70404E+00  2.14526E+00  2.70072E+00  3.40001E+00
  4.28035E+00  5.38864E+00  6.78390E+00  8.54043E+00  1.07518E+01  1.35357E+01
  1.70404E+01  2.14526E+01  2.70072E+01  3.40001E+01  4.28035E+01  5.38864E+01
  6.78390E+01  8.54043E+01  1.07518E+02  1.35357E+02  1.70404E+02  2.14526E+02
  2.70072E+02  3.40001E+02  4.28035E+02  5.38864E+02  6.78390E+02  8.54043E+02
  1.07518E+03  1.35357E+03  1.70404E+03  2.14526E+03  2.70072E+03  3.40001E+03
  4.28035E+03  5.38864E+03  6.78390E+03  8.54043E+03  1.07518E+04  1.35357E+04
 er:  c -> fe
  2.84677E-01  3.58387E-01  4.51183E-01  5.68005E-01  7.15076E-01  9.00228E-01
  1.13332E+00  1.42676E+00  1.79619E+00  2.26127E+00  2.84677E+00  3.58387E+00
  4.51183E+00  5.68005E+00  7.15076E+00  9.00228E+00  1.13332E+01  1.42676E+01
  1.79619E+01  2.26127E+01  2.84677E+01  3.58387E+01  4.51183E+01  5.68005E+01
  7.15076E+01  9.00228E+01  1.13332E+02  1.42676E+02  1.79619E+02  2.26127E+02
  2.84677E+02  3.58387E+02  4.51183E+02  5.68005E+02  7.15076E+02  9.00228E+02
  1.13332E+03  1.42676E+03  1.79619E+03  2.26127E+03  2.84677E+03  3.58387E+03
  4.51183E+03  5.68005E+03  7.15076E+03  9.00228E+03  1.13332E+04  1.42676E+04
 er:  c -> cu
  3.12220E-01  3.93062E-01  4.94835E-01  6.22961E-01  7.84261E-01  9.87326E-01
  1.24297E+00  1.56481E+00  1.96998E+00  2.48005E+00  3.12220E+00  3.93062E+00
  4.94835E+00  6.22961E+00  7.84261E+00  9.87326E+00  1.24297E+01  1.56481E+01
  1.96998E+01  2.48005E+01  3.12220E+01  3.93062E+01  4.94835E+01  6.22961E+01
  7.84261E+01  9.87326E+01  1.24297E+02  1.56481E+02  1.96998E+02  2.48005E+02
  3.12220E+02  3.93062E+02  4.94835E+02  6.22961E+02  7.84261E+02  9.87326E+02
  1.24297E+03  1.56481E+03  1.96998E+03  2.48005E+03  3.12220E+03  3.93062E+03
  4.94835E+03  6.22961E+03  7.84261E+03  9.87326E+03  1.24297E+04  1.56481E+04
 er:  c -> mo
  3.81133E-01  4.79818E-01  6.04055E-01  7.60460E-01  9.57363E-01  1.20525E+00
  1.51732E+00  1.91019E+00  2.40479E+00  3.02745E+00  3.81133E+00  4.79818E+00
  6.04055E+00  7.60460E+00  9.57363E+00  1.20525E+01  1.51732E+01  1.91019E+01
  2.40479E+01  3.02745E+01  3.81133E+01  4.79818E+01  6.04055E+01  7.60460E+01
  9.57363E+01  1.20525E+02  1.51732E+02  1.91019E+02  2.40479E+02  3.02745E+02
  3.81133E+02  4.79818E+02  6.04055E+02  7.60460E+02  9.57363E+02  1.20525E+03
  1.51732E+03  1.91019E+03  2.40479E+03  3.02745E+03  3.81133E+03  4.79818E+03
  6.04055E+03  7.60460E+03  9.57363E+03  1.20525E+04  1.51732E+04  1.91019E+04
 er:  c -> w
  4.64850E-01  5.85211E-01  7.36738E-01  9.27498E-01  1.16765E+00  1.46998E+00
  1.85060E+00  2.32977E+00  2.93301E+00  3.69243E+00  4.64850E+00  5.85211E+00
  7.36738E+00  9.27498E+00  1.16765E+01  1.46998E+01  1.85060E+01  2.32977E+01
  2.93301E+01  3.69243E+01  4.64850E+01  5.85211E+01  7.36738E+01  9.27498E+01
  1.16765E+02  1.46998E+02  1.85060E+02  2.32977E+02  2.93301E+02  3.69243E+02
  4.64850E+02  5.85211E+02  7.36738E+02  9.27498E+02  1.16765E+03  1.46998E+03
  1.85060E+03  2.32977E+03  2.93301E+03  3.69243E+03  4.64850E+03  5.85211E+03
  7.36738E+03  9.27498E+03  1.16765E+04  1.46998E+04  1.85060E+04  2.32977E+04
 er:  c -> au
  4.71870E-01  5.94049E-01  7.47864E-01  9.41504E-01  1.18528E+00  1.49218E+00
  1.87855E+00  2.36495E+00  2.97730E+00  3.74820E+00  4.71870E+00  5.94049E+00
  7.47864E+00  9.41504E+00  1.18528E+01  1.49218E+01  1.87855E+01  2.36495E+01
  2.97730E+01  3.74820E+01  4.71870E+01  5.94049E+01  7.47864E+01  9.41504E+01
  1.18528E+02  1.49218E+02  1.87855E+02  2.36495E+02  2.97730E+02  3.74820E+02
  4.71870E+02  5.94049E+02  7.47864E+02  9.41504E+02  1.18528E+03  1.49218E+03
  1.87855E+03  2.36495E+03  2.97730E+03  3.74820E+03  4.71870E+03  5.94049E+03
  7.47864E+03  9.41504E+03  1.18528E+04  1.49218E+04  1.87855E+04  2.36495E+04
 
 wafits created on 07/29/85
 wafits modified on 08/24/85: added t->w from trim
 wafits modified on 08/26/85: added labels, t->mo, si, c, be (abe)
 wafits modified on 04/07/87: added slots (no data yet) for c -> c (abe)
 wafits modified on 01/22/88: added data for c -> c (abe)
 wafits modified on 07/26/93: recomputed low energy ( <500 eV ) results



