 1.71100006e+02   5.33949951e+02
 1.67099991e+02   5.33949951e+02
 1.67099991e+02   4.99784946e-02
 1.71100006e+02   4.99784946e-02
 1.71100006e+02   5.33949951e+02
 1.71100006e+02   1.06770007e+03
 1.67099991e+02   1.06770007e+03
 1.67099991e+02   5.33900024e+02
 1.71100006e+02   5.33900024e+02
 1.71100006e+02   1.06770007e+03
 2.47600006e+02   1.20710181e+03
 1.71100006e+02   1.07459998e+03
 1.71100006e+02   1.01189996e+03
 2.47600006e+02   1.14440173e+03
 2.47600006e+02   1.20710181e+03
 2.54000015e+02   1.67959998e+03
 2.47600021e+02   1.67959998e+03
 2.47600021e+02   1.17700000e+03
 2.54000015e+02   1.17700000e+03
 2.54000015e+02   1.67959998e+03
 2.85049988e+02   1.65415002e+03
 2.53949997e+02   1.65415002e+03
 2.53949997e+02   1.60025000e+03
 2.85049988e+02   1.60025000e+03
 2.85049988e+02   1.65415002e+03
 4.12800018e+02   1.67959998e+03
 2.54000015e+02   1.67959998e+03
 2.54000015e+02   1.65420007e+03
 4.12800018e+02   1.65420007e+03
 4.12800018e+02   1.67959998e+03
 5.58950012e+02   1.67959998e+03
 4.12850037e+02   1.67959998e+03
 4.12850037e+02   1.65420007e+03
 5.58950012e+02   1.65420007e+03
 5.58950012e+02   1.67959998e+03
 4.55649994e+02   1.95209998e+03
 4.13750031e+02   1.95209998e+03
 4.13750031e+02   1.92669995e+03
 4.55649994e+02   1.92669995e+03
 4.55649994e+02   1.95209998e+03
 4.92100006e+02   1.97750000e+03
 4.13699982e+02   1.97750000e+03
 4.13699982e+02   1.95210010e+03
 4.92100006e+02   1.95210010e+03
 4.92100006e+02   1.97750000e+03
 6.22300049e+02   1.97745007e+03
 4.92100006e+02   1.97745007e+03
 4.92100006e+02   1.91075000e+03
 6.22300049e+02   1.91075000e+03
 6.22300049e+02   1.97745007e+03
 6.63549988e+02   1.88534998e+03
 4.92049988e+02   1.88534998e+03
 4.92049988e+02   1.84404993e+03
 6.63549988e+02   1.84404993e+03
 6.63549988e+02   1.88534998e+03
 6.63649963e+02   1.84400000e+03
 6.25549988e+02   1.84400000e+03
 6.25549988e+02   1.81860010e+03
 6.63649963e+02   1.81860010e+03
 6.63649963e+02   1.84400000e+03
 6.25500000e+02   1.84409998e+03
 6.00099976e+02   1.84409998e+03
 6.00099976e+02   1.71070007e+03
 6.25500000e+02   1.71070007e+03
 6.25500000e+02   1.84409998e+03
 9.03500000e+02   1.65590027e+03
 6.25500000e+02   1.74030005e+03
 6.25500000e+02   1.72370007e+03
 9.03500000e+02   1.63930017e+03
 9.03500000e+02   1.65590027e+03
 1.15569995e+03   1.55120020e+03
 9.03500000e+02   1.65590002e+03
 9.03500000e+02   1.63869995e+03
 1.15569995e+03   1.53400012e+03
 1.15569995e+03   1.55120020e+03
 1.40009998e+03   1.41420007e+03
 1.15569995e+03   1.55120007e+03
 1.15569995e+03   1.53300000e+03
 1.40009998e+03   1.39600000e+03
 1.40009998e+03   1.41420007e+03
 1.59709998e+03   1.26119995e+03
 1.40009998e+03   1.41419995e+03
 1.40009998e+03   1.39409998e+03
 1.59709998e+03   1.24109998e+03
 1.59709998e+03   1.26119995e+03
 1.66020007e+03   1.18060022e+03
 1.59709998e+03   1.26119995e+03
 1.59709998e+03   1.23539990e+03
 1.66020007e+03   1.15480017e+03
 1.66020007e+03   1.18060022e+03
 1.67680005e+03   1.17000000e+03
 1.66019995e+03   1.17000000e+03
 1.69700000e+03   1.05000012e+03
 1.71360010e+03   1.05000012e+03
 1.67680005e+03   1.17000000e+03
 1.71284998e+03   1.05000000e+03
 1.69695007e+03   1.05000000e+03
 1.69695007e+03   7.00000000e+02
 1.71284998e+03   7.00000000e+02
 1.71284998e+03   1.05000000e+03
 1.71284998e+03   7.00000000e+02
 1.69695007e+03   7.00000000e+02
 1.69695007e+03   3.49999969e+02
 1.71284998e+03   3.49999969e+02
 1.71284998e+03   7.00000000e+02
 1.71284998e+03   3.50000000e+02
 1.69695007e+03   3.50000000e+02
 1.69695007e+03   0.00000000e+00
 1.71284998e+03   0.00000000e+00
 1.71284998e+03   3.50000000e+02
 1.71284998e+03   0.00000000e+00
 1.69695007e+03   0.00000000e+00
 1.69695007e+03  -3.50000000e+02
 1.71284998e+03  -3.50000000e+02
 1.71284998e+03   0.00000000e+00
 1.71284998e+03  -3.49999969e+02
 1.69695007e+03  -3.49999969e+02
 1.69695007e+03  -7.00000000e+02
 1.71284998e+03  -7.00000000e+02
 1.71284998e+03  -3.49999969e+02
 1.71284998e+03  -7.00000000e+02
 1.69695007e+03  -7.00000000e+02
 1.69695007e+03  -1.05000000e+03
 1.71284998e+03  -1.05000000e+03
 1.71284998e+03  -7.00000000e+02
 1.71360010e+03  -1.05000012e+03
 1.69700000e+03  -1.05000012e+03
 1.66019995e+03  -1.17000000e+03
 1.67680005e+03  -1.17000000e+03
 1.71360010e+03  -1.05000012e+03
 1.66020007e+03  -1.15480017e+03
 1.59709998e+03  -1.23539990e+03
 1.59709998e+03  -1.26119995e+03
 1.66020007e+03  -1.18060022e+03
 1.66020007e+03  -1.15480017e+03
 1.59709998e+03  -1.24109998e+03
 1.40009998e+03  -1.39409998e+03
 1.40009998e+03  -1.41419995e+03
 1.59709998e+03  -1.26119995e+03
 1.59709998e+03  -1.24109998e+03
 1.40009998e+03  -1.39600000e+03
 1.15569995e+03  -1.53300000e+03
 1.15569995e+03  -1.55120007e+03
 1.40009998e+03  -1.41420007e+03
 1.40009998e+03  -1.39600000e+03
 1.15569995e+03  -1.53400012e+03
 9.03500000e+02  -1.63869995e+03
 9.03500000e+02  -1.65590002e+03
 1.15569995e+03  -1.55120020e+03
 1.15569995e+03  -1.53400012e+03
 9.03500000e+02  -1.63930017e+03
 6.25500000e+02  -1.72370007e+03
 6.25500000e+02  -1.74030005e+03
 9.03500000e+02  -1.65590027e+03
 9.03500000e+02  -1.63930017e+03
 6.25500000e+02  -1.71070007e+03
 6.00099976e+02  -1.71070007e+03
 6.00099976e+02  -1.84409998e+03
 6.25500000e+02  -1.84409998e+03
 6.25500000e+02  -1.71070007e+03
 6.63649963e+02  -1.81860010e+03
 6.25549988e+02  -1.81860010e+03
 6.25549988e+02  -1.84400000e+03
 6.63649963e+02  -1.84400000e+03
 6.63649963e+02  -1.81860010e+03
 6.63549988e+02  -1.84404993e+03
 4.92049988e+02  -1.84404993e+03
 4.92049988e+02  -1.88534998e+03
 6.63549988e+02  -1.88534998e+03
 6.63549988e+02  -1.84404993e+03
 6.22300049e+02  -1.91075000e+03
 4.92100006e+02  -1.91075000e+03
 4.92100006e+02  -1.97745007e+03
 6.22300049e+02  -1.97745007e+03
 6.22300049e+02  -1.91075000e+03
 4.92100006e+02  -1.95210010e+03
 4.13699982e+02  -1.95210010e+03
 4.13699982e+02  -1.97750000e+03
 4.92100006e+02  -1.97750000e+03
 4.92100006e+02  -1.95210010e+03
 4.55649994e+02  -1.92669995e+03
 4.13750031e+02  -1.92669995e+03
 4.13750031e+02  -1.95209998e+03
 4.55649994e+02  -1.95209998e+03
 4.55649994e+02  -1.92669995e+03
 5.58950012e+02  -1.65420007e+03
 4.12850037e+02  -1.65420007e+03
 4.12850037e+02  -1.67959998e+03
 5.58950012e+02  -1.67959998e+03
 5.58950012e+02  -1.65420007e+03
 4.12800018e+02  -1.65420007e+03
 2.54000015e+02  -1.65420007e+03
 2.54000015e+02  -1.67959998e+03
 4.12800018e+02  -1.67959998e+03
 4.12800018e+02  -1.65420007e+03
 2.85049988e+02  -1.60025000e+03
 2.53949997e+02  -1.60025000e+03
 2.53949997e+02  -1.65415002e+03
 2.85049988e+02  -1.65415002e+03
 2.85049988e+02  -1.60025000e+03
 2.54000015e+02  -1.17700000e+03
 2.47600021e+02  -1.17700000e+03
 2.47600021e+02  -1.67959998e+03
 2.54000015e+02  -1.67959998e+03
 2.54000015e+02  -1.17700000e+03
 2.47600006e+02  -1.14440173e+03
 1.71100006e+02  -1.01189996e+03
 1.71100006e+02  -1.07459998e+03
 2.47600006e+02  -1.20710181e+03
 2.47600006e+02  -1.14440173e+03
 1.71100006e+02  -5.33900024e+02
 1.67099991e+02  -5.33900024e+02
 1.67099991e+02  -1.06770007e+03
 1.71100006e+02  -1.06770007e+03
 1.71100006e+02  -5.33900024e+02
 1.71100006e+02  -4.99784946e-02
 1.67099991e+02  -4.99784946e-02
 1.67099991e+02  -5.33949951e+02
 1.71100006e+02  -5.33949951e+02
 1.71100006e+02  -4.99784946e-02
 7.11200012e+02   1.69360010e+03
 6.73099976e+02   1.70822522e+03
 6.73099976e+02   1.66852539e+03
 7.11200012e+02   1.65390015e+03
 7.11200012e+02   1.69360010e+03
 9.27099976e+02   1.62290002e+03
 8.89000000e+02   1.63752515e+03
 8.89000000e+02   1.58352515e+03
 9.27099976e+02   1.56890002e+03
 9.27099976e+02   1.62290002e+03
 1.15569995e+03   1.52330005e+03
 1.11759998e+03   1.53792529e+03
 1.11759998e+03   1.49342529e+03
 1.15569995e+03   1.47880005e+03
 1.15569995e+03   1.52330005e+03
 9.15049988e+02   1.56519385e+03
 6.26349976e+02   1.67890601e+03
 6.26349976e+02   1.65160608e+03
 9.15049988e+02   1.53789404e+03
 9.15049988e+02   1.56519385e+03
 1.20375000e+03   1.45149402e+03
 9.15049988e+02   1.56520605e+03
 9.15049988e+02   1.53790588e+03
 1.20375000e+03   1.42419385e+03
 1.20375000e+03   1.45149402e+03
 1.13411121e+03   1.35650000e+03
 1.11851123e+03   1.35650000e+03
 1.33208899e+03   1.05429993e+03
 1.34768896e+03   1.05429993e+03
 1.13411121e+03   1.35650000e+03
 1.37327747e+03   1.00570001e+03
 1.35987744e+03   1.00570001e+03
 1.50912256e+03   5.53099976e+02
 1.52252258e+03   5.53099976e+02
 1.37327747e+03   1.00570001e+03
 1.52252258e+03  -5.53099976e+02
 1.50912256e+03  -5.53099976e+02
 1.35987744e+03  -1.00570001e+03
 1.37327747e+03  -1.00570001e+03
 1.52252258e+03  -5.53099976e+02
 1.34768909e+03  -1.05429993e+03
 1.33208911e+03  -1.05429993e+03
 1.11851111e+03  -1.35650000e+03
 1.13411108e+03  -1.35650000e+03
 1.34768909e+03  -1.05429993e+03
 1.20375000e+03  -1.42419385e+03
 9.15049988e+02  -1.53790588e+03
 9.15049988e+02  -1.56520605e+03
 1.20375000e+03  -1.45149402e+03
 1.20375000e+03  -1.42419385e+03
 9.15049988e+02  -1.53789404e+03
 6.26349976e+02  -1.65160608e+03
 6.26349976e+02  -1.67890601e+03
 9.15049988e+02  -1.56519385e+03
 9.15049988e+02  -1.53789404e+03
 1.15569995e+03  -1.47880005e+03
 1.11759998e+03  -1.49342529e+03
 1.11759998e+03  -1.53792529e+03
 1.15569995e+03  -1.52330005e+03
 1.15569995e+03  -1.47880005e+03
 9.27099976e+02  -1.56890002e+03
 8.89000000e+02  -1.58352515e+03
 8.89000000e+02  -1.63752515e+03
 9.27099976e+02  -1.62290002e+03
 9.27099976e+02  -1.56890002e+03
 7.11200012e+02  -1.65390015e+03
 6.73099976e+02  -1.66852539e+03
 6.73099976e+02  -1.70822522e+03
 7.11200012e+02  -1.69360010e+03
 7.11200012e+02  -1.65390015e+03
