  EFITD    01/23/2002    #204500   682ms        -777  65  65
 2.140000105e+00 4.400000095e+00 9.409999847e-01 9.999999776e-03 0.000000000e+00
 1.024678707e+00-4.518548958e-03-8.124704659e-02-2.359011909e-03-6.298379898e-01
 6.195756875e+05-8.124704659e-02-7.770000000e+02 1.024678707e+00-7.770000000e+02
-4.518548958e-03-7.770000000e+02-2.359011909e-03-7.770000000e+02-7.770000000e+02
-6.367018819e-01-6.366071701e-01-6.363927126e-01-6.360635757e-01-6.356249452e-01
-6.350820065e-01-6.344399452e-01-6.337040067e-01-6.328796744e-01-6.319721937e-01
-6.309871078e-01-6.299297810e-01-6.288057566e-01-6.276205778e-01-6.263797879e-01
-6.250890493e-01-6.237538457e-01-6.223798990e-01-6.209726930e-01-6.195379496e-01
-6.180811524e-01-6.166079640e-01-6.151238084e-01-6.136342883e-01-6.121447682e-01
-6.106606722e-01-6.091871858e-01-6.077296138e-01-6.062930226e-01-6.048823595e-01
-6.035025120e-01-6.021581292e-01-6.008538008e-01-5.995938182e-01-5.983823538e-01
-5.972233415e-01-5.961205363e-01-5.950773954e-01-5.940971375e-01-5.931826234e-01
-5.923364758e-01-5.915610790e-01-5.908582807e-01-5.902298689e-01-5.896770358e-01
-5.892006159e-01-5.888011456e-01-5.884788036e-01-5.882331133e-01-5.880633593e-01
-5.879683495e-01-5.879464746e-01-5.879955292e-01-5.881128907e-01-5.882955790e-01
-5.885400176e-01-5.888420343e-01-5.891971588e-01-5.896003246e-01-5.900458694e-01
-5.905277133e-01-5.910392404e-01-5.915732980e-01-5.921221375e-01-5.926775336e-01
 1.588841895e+04 1.542355566e+04 1.496366797e+04 1.450888965e+04 1.405935547e+04
 1.361519824e+04 1.317655176e+04 1.274354883e+04 1.231632227e+04 1.189500391e+04
 1.147972266e+04 1.107060742e+04 1.066778516e+04 1.027138281e+04 9.881521484e+03
 9.498322266e+03 9.121904297e+03 8.752380859e+03 8.389865234e+03 8.034464844e+03
 7.686286133e+03 7.345429688e+03 7.011992676e+03 6.686067383e+03 6.367742676e+03
 6.057102051e+03 5.754223633e+03 5.459180176e+03 5.172040039e+03 4.892864746e+03
 4.621709473e+03 4.358624512e+03 4.103652832e+03 3.856830811e+03 3.618187500e+03
 3.387745361e+03 3.165518799e+03 2.951515381e+03 2.745733643e+03 2.548164795e+03
 2.358791260e+03 2.177586670e+03 2.004516479e+03 1.839536133e+03 1.682592163e+03
 1.533621460e+03 1.392550781e+03 1.259297119e+03 1.133767090e+03 1.015856506e+03
 9.054505005e+02 8.024231567e+02 7.066371460e+02 6.179437866e+02 5.361824341e+02
 4.611804810e+02 3.927530518e+02 3.307028198e+02 2.748195801e+02 2.248802490e+02
 1.806484833e+02 1.418744507e+02 1.082946167e+02 7.963150024e+01 5.559342957e+01
-1.736478508e-02-8.049705625e-02-1.409810930e-01-1.987569630e-01-2.537702620e-01
-3.059721291e-01-3.553192317e-01-4.017737210e-01-4.453032911e-01-4.858811796e-01
-5.234861374e-01-5.581024289e-01-5.897198915e-01-6.183337569e-01-6.439449191e-01
-6.665597558e-01-6.861901283e-01-7.028535604e-01-7.165728211e-01-7.273765206e-01
-7.352985740e-01-7.403785586e-01-7.426614165e-01-7.421978116e-01-7.390438318e-01
-7.332609892e-01-7.249164581e-01-7.140829563e-01-7.008386850e-01-6.852672100e-01
-6.674579382e-01-6.475054622e-01-6.255102158e-01-6.015779376e-01-5.758199096e-01
-5.483530760e-01-5.192997456e-01-4.887879193e-01-4.569509029e-01-4.239277244e-01
-3.898628354e-01-3.549062610e-01-3.192134798e-01-2.829456031e-01-2.462691516e-01
-2.093562484e-01-1.723845154e-01-1.355370879e-01-9.900265932e-02-6.297539920e-02
-2.765503712e-02 6.753179245e-03 4.003848508e-02 7.198458910e-02 1.023696661e-01
 1.309663951e-01 1.575418860e-01 1.818577647e-01 2.036700994e-01 2.227294743e-01
 2.387809306e-01 2.515639663e-01 2.608125508e-01 2.662551999e-01 2.676148117e-01
-3.791246875e+05-3.751415625e+05-3.710503438e+05-3.668506875e+05-3.625425000e+05
-3.581258438e+05-3.536010625e+05-3.489685625e+05-3.442290625e+05-3.393833750e+05
-3.344326562e+05-3.293780625e+05-3.242211250e+05-3.189634688e+05-3.136069375e+05
-3.081535312e+05-3.026055625e+05-2.969654062e+05-2.912357188e+05-2.854192812e+05
-2.795191562e+05-2.735385625e+05-2.674808438e+05-2.613496562e+05-2.551487812e+05
-2.488822188e+05-2.425541562e+05-2.361689844e+05-2.297312656e+05-2.232457812e+05
-2.167175000e+05-2.101515938e+05-2.035534375e+05-1.969285625e+05-1.902827344e+05
-1.836218906e+05-1.769521875e+05-1.702799531e+05-1.636117188e+05-1.569542188e+05
-1.503143750e+05-1.436993125e+05-1.371163438e+05-1.305729609e+05-1.240768984e+05
-1.176360391e+05-1.112584844e+05-1.049525234e+05-9.872664062e+04-9.258952344e+04
-8.655004688e+04-8.061728906e+04-7.480050781e+04-6.910917188e+04-6.355294531e+04
-5.814167578e+04-5.288541016e+04-4.779440234e+04-4.287908984e+04-3.815010156e+04
-3.361827734e+04-2.929463867e+04-2.519040820e+04-2.131700391e+04-1.768603516e+04
-2.396208856e-06-4.557492866e-05-1.451595890e-04-3.078321752e-04-5.474338541e-04
-8.889883757e-04-1.369857462e-03-2.028759802e-03-2.884231741e-03-3.926068079e-03
-5.125360098e-03-6.447164807e-03-7.857788354e-03-9.327078238e-03-1.082782634e-02
-1.233376004e-02-1.381688751e-02-1.524457801e-02-1.657679118e-02-1.776404865e-02
-1.874706708e-02-1.945905015e-02-1.983130723e-02-1.980170049e-02-1.932402886e-02
-1.837559044e-02-1.696051657e-02-1.510784496e-02-1.286522672e-02-1.029059663e-02
-7.444433868e-03-4.384286702e-03-1.161900233e-03 2.177593065e-03 5.595236551e-03
 9.057255462e-03 1.253394876e-02 1.599871553e-02 1.942733489e-02 2.279749699e-02
 2.608861960e-02 2.928185463e-02 3.236028180e-02 3.530918062e-02 3.811634332e-02
 4.077234864e-02 4.327076301e-02 4.560820013e-02 4.778421670e-02 4.980111867e-02
 5.166358873e-02 5.337828025e-02 5.495331436e-02 5.639783666e-02 5.772154406e-02
 5.893432349e-02 6.004589796e-02 6.106561422e-02 6.200225651e-02 6.286392361e-02
 6.365798414e-02 6.439106911e-02 6.506905705e-02 6.569714099e-02 6.627986580e-02
-1.810708113e-06-3.399288471e-05-1.049876591e-04-2.127632033e-04-3.590271808e-04
-5.620523007e-04-9.104132187e-04-1.645618235e-03-2.799291397e-03-4.255749751e-03
-5.913278554e-03-7.699706592e-03-9.569231421e-03-1.149330381e-02-1.345330477e-02
-1.543478202e-02-1.742191985e-02-1.939145476e-02-2.130565792e-02-2.310475335e-02
-2.470063418e-02-2.597602643e-02-2.679461986e-02-2.702397667e-02-2.656464837e-02
-2.537396364e-02-2.347543463e-02-2.095006220e-02-1.791269891e-02-1.448466722e-02
-1.077441033e-02-6.869795267e-03-2.838577610e-03 1.267603016e-03 5.408637226e-03
 9.552009404e-03 1.366983913e-02 1.773684472e-02 2.172910422e-02 2.562345751e-02
 2.939741686e-02 3.302948549e-02 3.649976104e-02 3.979070112e-02 4.288790002e-02
 4.578080773e-02 4.846317694e-02 5.093327537e-02 5.319374427e-02 5.525116995e-02
 5.711544305e-02 5.879893526e-02 6.031567231e-02 6.168054044e-02 6.290856749e-02
 6.401436776e-02 6.501176208e-02 6.591344625e-02 6.673090905e-02 6.747432798e-02
 6.815259904e-02 6.877343357e-02 6.934342533e-02 6.986816227e-02 7.035236061e-02
-1.545764007e-06-2.801459414e-05-7.891806308e-05-1.331321982e-04-1.538554352e-04
-7.918586925e-05 1.906570833e-04-2.933300275e-04-2.190734493e-03-4.546501674e-03
-6.929209922e-03-9.322788566e-03-1.172276121e-02-1.413366199e-02-1.656915806e-02
-1.904866472e-02-2.159217931e-02-2.421310917e-02-2.690701187e-02-2.963314764e-02
-3.228515387e-02-3.465529159e-02-3.642772511e-02-3.725557774e-02-3.688109666e-02
-3.520784900e-02-3.232998028e-02-2.851242758e-02-2.408102527e-02-1.930150203e-02
-1.434658095e-02-9.317927063e-03-4.273905884e-03 7.508625276e-04 5.733557511e-03
 1.065615751e-02 1.550141815e-02 2.025066875e-02 2.488279343e-02 2.937407978e-02
 3.369874880e-02 3.783008456e-02 4.174199328e-02 4.541081935e-02 4.881722480e-02
 5.194773898e-02 5.479587987e-02 5.736253411e-02 5.965566263e-02 6.168933585e-02
 6.348233670e-02 6.505656987e-02 6.643543392e-02 6.764249504e-02 6.870038062e-02
 6.963002682e-02 7.045024633e-02 7.117754966e-02 7.182611525e-02 7.240794599e-02
 7.293301821e-02 7.340956479e-02 7.384426892e-02 7.424252480e-02 7.460866123e-02
-2.610125648e-06-4.750318476e-05-1.355895511e-04-2.351962758e-04-2.922171261e-04
-2.240814647e-04 7.757264393e-05-4.063717206e-04-2.617035992e-03-5.814070813e-03
-8.883238770e-03-1.182817481e-02-1.466687396e-02-1.744230092e-02-2.021892183e-02
-2.306900360e-02-2.607187815e-02-2.931655571e-02-3.289449215e-02-3.689511120e-02
-4.137513041e-02-4.622656107e-02-5.058526620e-02-5.292588845e-02-5.286368728e-02
-5.011507869e-02-4.467378184e-02-3.780178353e-02-3.081112728e-02-2.401314862e-02
-1.745139621e-02-1.110673510e-02-4.947308917e-03 1.056069392e-03 6.924682762e-03
 1.267016679e-02 1.829403639e-02 2.378774248e-02 2.913308516e-02 3.430311754e-02
 3.926372528e-02 4.397606850e-02 4.839990661e-02 5.249757692e-02 5.623812228e-02
 5.960092694e-02 6.257811189e-02 6.517532468e-02 6.741075218e-02 6.931268424e-02
 7.091622800e-02 7.225982100e-02 7.338218391e-02 7.431992888e-02 7.510611415e-02
 7.576946169e-02 7.633419335e-02 7.682023197e-02 7.724361867e-02 7.761704922e-02
 7.795039564e-02 7.825119793e-02 7.852511853e-02 7.877634466e-02 7.900788635e-02
-5.634033641e-06-1.047663973e-04-3.163671936e-04-6.120028556e-04-9.426281904e-04
-1.232394599e-03-1.386493910e-03-2.405270003e-03-5.229720380e-03-9.034720249e-03
-1.260439493e-02-1.588730700e-02-1.886305213e-02-2.160533145e-02-2.436042763e-02
-2.723012120e-02-3.028865159e-02-3.379126266e-02-3.788704053e-02-4.286170751e-02
-4.912863672e-02-5.743439123e-02-6.813708693e-02-7.069937885e-02-7.162796706e-02
-6.835370511e-02-5.709446594e-02-4.529894888e-02-3.541579843e-02-2.669459395e-02
-1.873234101e-02-1.128228474e-02-4.185262602e-03 2.663416555e-03 9.331613779e-03
 1.585996151e-02 2.226693183e-02 2.855132893e-02 3.469343111e-02 4.065591842e-02
 4.638553783e-02 5.181667209e-02 5.687735230e-02 6.149769202e-02 6.561952084e-02
 6.920515001e-02 7.224318385e-02 7.474994659e-02 7.676620036e-02 7.835028321e-02
 7.956958562e-02 8.049258590e-02 8.118290454e-02 8.169583976e-02 8.207714558e-02
 8.236315101e-02 8.258183300e-02 8.275411278e-02 8.289524913e-02 8.301600069e-02
 8.312373608e-02 8.322323114e-02 8.331736922e-02 8.340765536e-02 8.349461108e-02
-1.039147173e-05-1.955412445e-04-6.078882725e-04-1.235898002e-03-2.057625446e-03
-3.032394918e-03-4.100194667e-03-6.239722949e-03-1.027109567e-02-1.507238206e-02
-1.909843832e-02-2.220629528e-02-2.455695160e-02-2.659641020e-02-2.862128615e-02
-3.084941395e-02-3.343983367e-02-3.653056920e-02-4.030145332e-02-4.492510110e-02
-5.064317584e-02-5.839382857e-02-6.970398873e-02-7.076443732e-02-7.141141593e-02
-6.812465191e-02-5.636481196e-02-4.437917471e-02-3.426731378e-02-2.525562420e-02
-1.694590785e-02-9.093244560e-03-1.535789343e-03 5.836762022e-03 1.309942082e-02
 2.030017972e-02 2.746340819e-02 3.458990157e-02 4.165454581e-02 4.860267788e-02
 5.534710363e-02 6.176900864e-02 6.772673130e-02 7.307437807e-02 7.768712193e-02
 8.148542047e-02 8.445073664e-02 8.662837744e-02 8.811663091e-02 8.904505521e-02
 8.954980969e-02 8.975439519e-02 8.975988626e-02 8.964307606e-02 8.945918083e-02
 8.924610168e-02 8.902867883e-02 8.882232010e-02 8.863574266e-02 8.847311139e-02
 8.833549917e-02 8.822197467e-02 8.813034743e-02 8.805771917e-02 8.800081164e-02
-1.579408126e-05-2.989152854e-04-9.421446011e-04-1.960130874e-03-3.379787551e-03
-5.248269998e-03-7.667451166e-03-1.191229653e-02-1.913032122e-02-2.727434039e-02
-3.174432740e-02-3.229649737e-02-3.192947805e-02-3.201299533e-02-3.257936984e-02
-3.362254053e-02-3.513740376e-02-3.712525219e-02-3.960638121e-02-4.237178713e-02
-4.556509852e-02-4.909219965e-02-5.215025321e-02-5.341626704e-02-5.241302401e-02
-4.886877537e-02-4.282512888e-02-3.534830362e-02-2.758996934e-02-1.987854205e-02
-1.226433646e-02-4.720952362e-03 2.799582435e-03 1.034863573e-02 1.797380485e-02
 2.571504377e-02 3.360089660e-02 4.164285213e-02 4.982594028e-02 5.809362978e-02
 6.632621586e-02 7.431766391e-02 8.177061379e-02 8.833986521e-02 9.372053295e-02
 9.772460163e-02 1.003186926e-01 1.016332880e-01 1.019360572e-01 1.015527025e-01
 1.007744223e-01 9.981313348e-02 9.880433232e-02 9.782709181e-02 9.692349285e-02
 9.611272067e-02 9.540030360e-02 9.478388727e-02 9.425681084e-02 9.381026030e-02
 9.343456477e-02 9.311995655e-02 9.285703301e-02 9.263700992e-02 9.245181084e-02
-2.033941018e-05-3.856743861e-04-1.220945851e-03-2.557167085e-03-4.447527695e-03
-6.976527162e-03-1.029607840e-02-1.581126638e-02-2.507133037e-02-3.608467430e-02
-4.077608883e-02-3.886291012e-02-3.680333123e-02-3.559758142e-02-3.499712050e-02
-3.489299864e-02-3.521080315e-02-3.585890681e-02-3.678816184e-02-3.777426109e-02
-3.879971057e-02-3.954359144e-02-3.978016227e-02-3.915784881e-02-3.740550950e-02
-3.441698104e-02-3.024253622e-02-2.509117872e-02-1.923421584e-02-1.289322507e-02
-6.206018385e-03 7.601055549e-04 7.985963486e-03 1.548265014e-02 2.328047529e-02
 3.142243996e-02 3.995998204e-02 4.894875735e-02 5.844121426e-02 6.846933812e-02
 7.900225371e-02 8.983888477e-02 1.003700420e-01 1.094734073e-01 1.163237542e-01
 1.205384359e-01 1.220462397e-01 1.210775301e-01 1.185233593e-01 1.154886708e-01
 1.125405654e-01 1.098826379e-01 1.075664610e-01 1.055839136e-01 1.039047316e-01
 1.024921238e-01 1.013094261e-01 1.003226936e-01 9.950154275e-02 9.881925583e-02
 9.825256467e-02 9.778125584e-02 9.738789499e-02 9.705741704e-02 9.677690268e-02
-2.293501166e-05-4.350097151e-04-1.377800712e-03-2.886354458e-03-5.015213508e-03
-7.834320888e-03-1.141566224e-02-1.690270938e-02-2.490263619e-02-3.309835494e-02
-3.788643703e-02-3.886695951e-02-3.790736198e-02-3.654592857e-02-3.535182774e-02
-3.444555029e-02-3.381729871e-02-3.341224045e-02-3.315800801e-02-3.295880184e-02
-3.269884735e-02-3.212466836e-02-3.116016276e-02-2.967076004e-02-2.752627060e-02
-2.469017915e-02-2.108730376e-02-1.677357592e-02-1.181722712e-02-6.287009455e-03
-2.847059513e-04 6.153678056e-03 1.302194223e-02 2.033306472e-02 2.812551707e-02
 3.646063805e-02 4.542537406e-02 5.514144152e-02 6.577907503e-02 7.757912576e-02
 9.089506418e-02 1.063043401e-01 1.251154840e-01 1.395426691e-01 1.492555588e-01
 1.526188552e-01 1.545854211e-01 1.454918236e-01 1.355044097e-01 1.282210052e-01
 1.226176545e-01 1.182157099e-01 1.147152334e-01 1.119081527e-01 1.096435934e-01
 1.078089029e-01 1.063179970e-01 1.051037237e-01 1.041127816e-01 1.033022553e-01
 1.026371494e-01 1.020886898e-01 1.016330272e-01 1.012503281e-01 1.009240448e-01
-2.313454934e-05-4.388604430e-04-1.390452380e-03-2.914562123e-03-5.070335232e-03
-7.945813239e-03-1.169722062e-02-1.780454069e-02-2.845572866e-02-4.405597597e-02
-4.905088991e-02-4.174902290e-02-3.809833154e-02-3.575715795e-02-3.396148607e-02
-3.250067681e-02-3.128032386e-02-3.022700921e-02-2.926463261e-02-2.830795757e-02
-2.726108581e-02-2.602431737e-02-2.450670488e-02-2.261638641e-02-2.027201839e-02
-1.745717227e-02-1.413168944e-02-1.024610642e-02-5.739002023e-03-7.366088103e-04
 4.726312123e-03 1.069025882e-02 1.716467552e-02 2.413809858e-02 3.170913458e-02
 3.992681578e-02 4.887578636e-02 5.869713426e-02 6.960395724e-02 8.191865683e-02
 9.613866359e-02 1.130313203e-01 1.336016953e-01 1.495465785e-01 1.600269973e-01
 1.636502445e-01 1.646530330e-01 1.543734223e-01 1.425924897e-01 1.339303851e-01
 1.274847090e-01 1.225837618e-01 1.187899634e-01 1.158145815e-01 1.134597287e-01
 1.115843728e-01 1.100844964e-01 1.088811457e-01 1.079129055e-01 1.071311310e-01
 1.064966992e-01 1.059777811e-01 1.055483297e-01 1.051869020e-01 1.048758402e-01
-2.084355037e-05-3.954982385e-04-1.253654715e-03-2.629536437e-03-4.576387350e-03
-7.161331363e-03-1.045611314e-02-1.553810295e-02-2.295484766e-02-3.045572899e-02
-3.484059498e-02-3.573838621e-02-3.446896747e-02-3.262403980e-02-3.082786687e-02
-2.920686826e-02-2.775176987e-02-2.641178854e-02-2.512292750e-02-2.381621860e-02
-2.242086083e-02-2.086670510e-02-1.908686943e-02-1.702044904e-02-1.461566240e-02
-1.183047146e-02-8.628678508e-03-4.985979293e-03-8.976788959e-04 3.664384363e-03
 8.698482998e-03 1.417168044e-02 2.013831027e-02 2.658332326e-02 3.362324834e-02
 4.142026603e-02 4.984232038e-02 5.900472030e-02 6.902582198e-02 8.007719368e-02
 9.236187488e-02 1.061135828e-01 1.214019507e-01 1.338022649e-01 1.424228251e-01
 1.465929747e-01 1.476188749e-01 1.427273005e-01 1.359286606e-01 1.303230524e-01
 1.258098930e-01 1.221944243e-01 1.193040311e-01 1.169965491e-01 1.151572466e-01
 1.136938557e-01 1.125319079e-01 1.116108894e-01 1.108812317e-01 1.103020906e-01
 1.098396257e-01 1.094657630e-01 1.091572046e-01 1.088946685e-01 1.086622849e-01
-1.622331547e-05-3.078749869e-04-9.762230911e-04-2.050129464e-03-3.580589313e-03
-5.654348060e-03-8.452516980e-03-1.349686831e-02-2.314649150e-02-3.840584308e-02
-4.299935326e-02-3.435914963e-02-3.048667684e-02-2.809982747e-02-2.628282085e-02
-2.475149184e-02-2.337410860e-02-2.206787094e-02-2.076807991e-02-1.941747777e-02
-1.796246320e-02-1.635210402e-02-1.453841198e-02-1.247716602e-02-1.012878586e-02
-7.458938286e-03-4.438900854e-03-1.045719488e-03 2.738407347e-03 6.927075330e-03
 1.152981911e-02 1.655674353e-02 2.202673629e-02 2.795401588e-02 3.435079008e-02
 4.132079706e-02 4.881254211e-02 5.681219324e-02 6.532265991e-02 7.434617728e-02
 8.374326676e-02 9.326890111e-02 1.024200693e-01 1.104872152e-01 1.168741584e-01
 1.212502420e-01 1.235497966e-01 1.239969060e-01 1.231511608e-01 1.216865480e-01
 1.200709715e-01 1.185435206e-01 1.172046736e-01 1.160837114e-01 1.151753590e-01
 1.144586131e-01 1.139062271e-01 1.134895533e-01 1.131809652e-01 1.129549965e-01
 1.127888709e-01 1.126626730e-01 1.125593334e-01 1.124644950e-01 1.123663783e-01
-9.821751519e-06-1.860107004e-04-5.867010914e-04-1.221593702e-03-2.106809523e-03
-3.265786218e-03-4.741646349e-03-7.681111805e-03-1.291576028e-02-1.867958531e-02
-2.207773738e-02-2.297281101e-02-2.218774520e-02-2.121800743e-02-2.026821859e-02
-1.933554374e-02-1.839105785e-02-1.740265079e-02-1.633843593e-02-1.516649500e-02
-1.385465544e-02-1.237073634e-02-1.068311278e-02-8.761436678e-03-6.577346940e-03
-4.105087370e-03-1.321943710e-03 1.791530638e-03 5.251541734e-03 9.071333334e-03
 1.326173078e-02 1.783183962e-02 2.278933860e-02 2.813969739e-02 3.388300166e-02
 4.001174495e-02 4.651106894e-02 5.334819853e-02 6.046836078e-02 6.778358668e-02
 7.515830547e-02 8.240816742e-02 8.928040415e-02 9.551496804e-02 1.008830518e-01
 1.052174643e-01 1.084836051e-01 1.107606813e-01 1.122242734e-01 1.130957156e-01
 1.135854051e-01 1.138588116e-01 1.140296906e-01 1.141682416e-01 1.143128797e-01
 1.144805998e-01 1.146747693e-01 1.148905605e-01 1.151186153e-01 1.153475121e-01
 1.155653670e-01 1.157609075e-01 1.159240901e-01 1.160465181e-01 1.161215752e-01
-2.789011660e-06-5.210070231e-05-1.584099809e-04-3.093535779e-04-4.805153876e-04
-6.258927169e-04-6.689663278e-04-1.627568039e-03-4.309282172e-03-7.729411125e-03
-1.047383901e-02-1.238435786e-02-1.336248312e-02-1.381018572e-02-1.389152091e-02
-1.371917129e-02-1.335128210e-02-1.281304192e-02-1.211077254e-02-1.123977546e-02
-1.018868666e-02-8.942075074e-03-7.482150104e-03-5.790008232e-03-3.846616251e-03
-1.633618376e-03 8.660046151e-04 3.667413490e-03 6.783526391e-03 1.022475306e-02
 1.399878878e-02 1.811039075e-02 2.256101556e-02 2.734811604e-02 3.245919570e-02
 3.786323220e-02 4.353020340e-02 4.942845553e-02 5.550044030e-02 6.166744977e-02
 6.782994419e-02 7.386878133e-02 7.965252548e-02 8.505227417e-02 8.995084465e-02
 9.428817779e-02 9.803614020e-02 1.011990458e-01 1.038473696e-01 1.060632020e-01
 1.079337075e-01 1.095380858e-01 1.109427810e-01 1.121984944e-01 1.133403853e-01
 1.143903583e-01 1.153599396e-01 1.162532046e-01 1.170692742e-01 1.178043932e-01
 1.184535474e-01 1.190116554e-01 1.194744185e-01 1.198388711e-01 1.201036945e-01
 3.603375262e-06 6.912450772e-05 2.255185536e-04 4.944179091e-04 9.130505496e-04
 1.538988086e-03 2.445129678e-03 2.572101774e-03 9.855717653e-04-1.546608866e-03
-3.813811112e-03-5.586150102e-03-6.893852260e-03-7.834267803e-03-8.451318368e-03
-8.787397295e-03-8.877295069e-03-8.744764142e-03-8.403238840e-03-7.857862860e-03
-7.107523736e-03-6.146494765e-03-4.965684377e-03-3.553662682e-03-1.897573471e-03
 1.600545511e-05 2.200226067e-03 4.667168483e-03 7.427140139e-03 1.048807520e-02
 1.385497954e-02 1.752935722e-02 2.150851674e-02 2.578470111e-02 3.034395538e-02
 3.516423330e-02 4.021861777e-02 4.542521015e-02 5.077511445e-02 5.620532483e-02
 6.164782494e-02 6.702736765e-02 7.226585597e-02 7.728845626e-02 8.203030378e-02
 8.644196391e-02 9.049150348e-02 9.416861832e-02 9.749267250e-02 1.006465033e-01
 1.035216227e-01 1.061497033e-01 1.085601822e-01 1.107778624e-01 1.128213406e-01
 1.147027388e-01 1.164283603e-01 1.179999486e-01 1.194161549e-01 1.206740513e-01
 1.217704639e-01 1.227030903e-01 1.234712303e-01 1.240763515e-01 1.245222166e-01
 8.670890566e-06 1.647733588e-04 5.251190159e-04 1.110508572e-03 1.954297768e-03
 3.103217343e-03 4.600392189e-03 5.362474360e-03 4.371479154e-03 2.344828798e-03
 5.200335290e-04-1.025933772e-03-2.357495250e-03-3.451391356e-03-4.303853493e-03
-4.920611158e-03-5.310484208e-03-5.481847562e-03-5.440891255e-03-5.191027652e-03
-4.732837901e-03-4.064061679e-03-3.179401858e-03-2.070721472e-03-7.275675307e-04
 8.620622684e-04 2.710687229e-03 4.830008838e-03 7.229917683e-03 9.917791933e-03
 1.289790682e-02 1.617087424e-02 1.973309182e-02 2.357621305e-02 2.768665925e-02
 3.204521537e-02 3.662727028e-02 4.140521213e-02 4.628914222e-02 5.126821995e-02
 5.630070344e-02 6.133805588e-02 6.632871181e-02 7.122348249e-02 7.597856969e-02
 8.055783808e-02 8.493417501e-02 8.909029514e-02 9.302041680e-02 9.672494978e-02
 1.003776342e-01 1.038762704e-01 1.071654335e-01 1.102484986e-01 1.131279841e-01
 1.158020943e-01 1.182655022e-01 1.205105260e-01 1.225285605e-01 1.243116111e-01
 1.258536875e-01 1.271519810e-01 1.282075644e-01 1.290256977e-01 1.296157390e-01
 1.234957745e-05 2.339855710e-04 7.403056370e-04 1.548048574e-03 2.683134051e-03
 4.180259071e-03 6.062511820e-03 7.230910473e-03 6.630843971e-03 4.954444710e-03
 3.447184572e-03 2.023609355e-03 7.313136593e-04-4.038306652e-04-1.365128090e-03
-2.142185345e-03-2.728880383e-03-3.121758113e-03-3.319033422e-03-3.320178716e-03
-3.125745337e-03-2.736451570e-03-2.148968168e-03-1.355506713e-03-3.443134774e-04
 8.997898549e-04 2.394328360e-03 4.154617433e-03 6.192810833e-03 8.517836221e-03
 1.113525126e-02 1.404669601e-02 1.724953763e-02 2.073664963e-02 2.449627593e-02
 2.851194330e-02 3.276242688e-02 3.722191229e-02 4.185836762e-02 4.662396014e-02
 5.146545917e-02 5.636826530e-02 6.130476668e-02 6.623744220e-02 7.113435864e-02
 7.596822828e-02 8.071611822e-02 8.535952121e-02 8.988394588e-02 9.427676350e-02
 9.852240980e-02 1.027730703e-01 1.068894491e-01 1.108072847e-01 1.145116836e-01
 1.179836467e-01 1.212006509e-01 1.241389140e-01 1.267757416e-01 1.290919334e-01
 1.310738623e-01 1.327152252e-01 1.340178549e-01 1.349917650e-01 1.356543899e-01
 1.485882058e-05 2.811148006e-04 8.862220566e-04 1.842952799e-03 3.170859767e-03
 4.895848222e-03 7.031921763e-03 8.464886807e-03 8.132237010e-03 6.718294695e-03
 5.326441489e-03 3.986225463e-03 2.725174883e-03 1.567648258e-03 5.345589016e-04
-3.565352235e-04-1.091019134e-03-1.656925422e-03-2.045211615e-03-2.251219470e-03
-2.278467873e-03-2.147284569e-03-1.856681192e-03-1.396020059e-03-7.491519791e-04
 1.073665771e-04 1.215315890e-03 2.597207436e-03 4.267262295e-03 6.236164831e-03
 8.512651548e-03 1.110052317e-02 1.399863046e-02 1.720135286e-02 2.069875039e-02
 2.447685041e-02 2.851796523e-02 3.280095756e-02 3.730125353e-02 4.198909178e-02
 4.682689533e-02 5.177625641e-02 5.680305883e-02 6.189203635e-02 6.703002006e-02
 7.219821215e-02 7.737683505e-02 8.254681528e-02 8.768983185e-02 9.278809279e-02
 9.782951325e-02 1.028305069e-01 1.077684760e-01 1.125597581e-01 1.171513051e-01
 1.214969307e-01 1.255478114e-01 1.292541027e-01 1.325687468e-01 1.354519427e-01
 1.378755569e-01 1.398262978e-01 1.413073242e-01 1.423376650e-01 1.429497600e-01
 1.646038072e-05 3.111618571e-04 9.789436590e-04 2.029415453e-03 3.477233928e-03
 5.341747776e-03 7.634539623e-03 9.216435254e-03 9.022648446e-03 7.727944292e-03
 6.419580430e-03 5.120351445e-03 3.858360462e-03 2.658873796e-03 1.545396983e-03
 5.401779781e-04-3.352212952e-04-1.059257891e-03-1.609650441e-03-1.962253125e-03
-2.088848269e-03-2.189073246e-03-2.211232437e-03-2.122704405e-03-1.909321873e-03
-1.584014040e-03-9.221798391e-04 5.706429874e-05 1.349007478e-03 2.959056990e-03
 4.911382683e-03 7.211486809e-03 9.857268073e-03 1.284359209e-02 1.616090909e-02
 1.979611255e-02 2.373361029e-02 2.795599587e-02 3.244502842e-02 3.718375415e-02
 4.216499254e-02 4.741143808e-02 5.251172930e-02 5.783033371e-02 6.329061836e-02
 6.886936724e-02 7.454825938e-02 8.030942082e-02 8.613446355e-02 9.200330079e-02
 9.789412469e-02 1.038047448e-01 1.097130552e-01 1.155262589e-01 1.211730763e-01
 1.265766472e-01 1.316497922e-01 1.362991780e-01 1.404332966e-01 1.439726204e-01
 1.468601525e-01 1.490698457e-01 1.506101191e-01 1.515215039e-01 1.518694460e-01
 1.737581624e-05 3.283083497e-04 1.031582826e-03 2.134406939e-03 3.647759557e-03
 5.586117506e-03 7.958232425e-03 9.610862471e-03 9.473794140e-03 8.219780400e-03
 6.925993599e-03 5.610245280e-03 4.298146348e-03 3.013882553e-03 1.781485043e-03
 6.254063919e-04-4.286325129e-04-1.352514839e-03-2.115092706e-03-2.681362676e-03
-3.249393776e-03-3.779896535e-03-4.227236379e-03-4.545294680e-03-4.689618945e-03
-4.615793470e-03-4.270002246e-03-3.629693296e-03-2.697960474e-03-1.508813002e-03
 1.356738212e-04 2.194226487e-03 4.643995780e-03 7.486001123e-03 1.070724986e-02
 1.429096702e-02 1.822106726e-02 2.248068340e-02 2.705276199e-02 3.192054480e-02
 3.706826270e-02 4.249431938e-02 4.812132940e-02 5.371648073e-02 5.957930535e-02
 6.564328820e-02 7.189331949e-02 7.831669599e-02 8.490009606e-02 9.162738174e-02
 9.847525507e-02 1.054493859e-01 1.125445142e-01 1.196343079e-01 1.266384721e-01
 1.334462166e-01 1.399153769e-01 1.458724737e-01 1.511362940e-01 1.555384845e-01
 1.589548290e-01 1.613317579e-01 1.626971811e-01 1.631510705e-01 1.628406346e-01
 1.777642319e-05 3.357739188e-04 1.054156688e-03 2.178327879e-03 3.716527717e-03
 5.679652095e-03 8.065535687e-03 9.738255292e-03 9.598098695e-03 8.321153000e-03
 6.978503428e-03 5.587656517e-03 4.169477616e-03 2.745677950e-03 1.338533126e-03
-2.879661042e-05-1.330905128e-03-2.535347827e-03-3.605081001e-03-4.736196715e-03
-5.884683225e-03-6.997679360e-03-8.015816100e-03-8.876581676e-03-9.517713450e-03
-9.880306199e-03-9.912143461e-03-9.573899209e-03-8.840356953e-03-7.697561290e-03
-6.132493261e-03-4.172686022e-03-1.881248318e-03 9.101614705e-04 4.141082987e-03
 7.772325538e-03 1.179389469e-02 1.618696377e-02 2.093327977e-02 2.601520531e-02
 3.141631559e-02 3.712267056e-02 4.314422980e-02 4.928355664e-02 5.559705198e-02
 6.220532954e-02 6.908264756e-02 7.622390985e-02 8.362846822e-02 9.129744768e-02
 9.923498333e-02 1.074519157e-01 1.159350425e-01 1.246245503e-01 1.334338635e-01
 1.422278583e-01 1.507922858e-01 1.588206887e-01 1.659242958e-01 1.716935486e-01
 1.758068651e-01 1.781343520e-01 1.787790805e-01 1.780338883e-01 1.762774289e-01
 1.779203194e-05 3.359940019e-04 1.054213615e-03 2.176462440e-03 3.708876669e-03
 5.659611896e-03 8.019642904e-03 9.662151337e-03 9.467728436e-03 8.115976118e-03
 6.671901327e-03 5.151818041e-03 3.572935238e-03 1.954160631e-03 3.144861548e-04
-1.329836086e-03-2.973071299e-03-4.567156546e-03-6.305987481e-03-8.142480627e-03
-1.001722738e-02-1.185984258e-02-1.359220035e-02-1.513268892e-02-1.640070044e-02
-1.732084341e-02-1.782664470e-02-1.786374673e-02-1.739200018e-02-1.638675295e-02
-1.484006923e-02-1.276407298e-02-1.018716767e-02-7.140890229e-03-3.693738254e-03
 6.296105130e-05 4.287647083e-03 8.919604123e-03 1.393949147e-02 1.932640746e-02
 2.506092563e-02 3.112585098e-02 3.750335798e-02 4.417457432e-02 5.107466131e-02
 5.827356875e-02 6.580018252e-02 7.366838306e-02 8.189822733e-02 9.051423520e-02
 9.953680634e-02 1.090284511e-01 1.191381365e-01 1.297375411e-01 1.408663839e-01
 1.524781138e-01 1.643969566e-01 1.761923730e-01 1.870082766e-01 1.956047714e-01
 2.009086013e-01 2.025233954e-01 2.008643299e-01 1.970169097e-01 1.921448112e-01
 1.752288154e-05 3.308480664e-04 1.037571230e-03 2.140567405e-03 3.644248471e-03
 5.554502830e-03 7.860007696e-03 9.430512786e-03 9.139290079e-03 7.669693790e-03
 6.080701016e-03 4.383133724e-03 2.593272831e-03 7.309298962e-04-1.177399768e-03
-3.091539722e-03-5.244502332e-03-7.599349599e-03-1.013206784e-02-1.278957538e-02
-1.549700554e-02-1.816442981e-02-2.069369890e-02-2.298505232e-02-2.494281344e-02
-2.647965401e-02-2.751936391e-02-2.799838409e-02-2.786665969e-02-2.708851174e-02
-2.564415522e-02-2.353213355e-02-2.077180333e-02-1.740551554e-02-1.350131538e-02
-9.145624004e-03-4.423089325e-03 5.609773798e-04 5.970272236e-03 1.176769473e-02
 1.792523824e-02 2.442531474e-02 3.125729784e-02 3.841554374e-02 4.588846862e-02
 5.365455896e-02 6.178278476e-02 7.030910254e-02 7.927325368e-02 8.872929960e-02
 9.875200689e-02 1.094479337e-01 1.209429130e-01 1.333780736e-01 1.469499171e-01
 1.619219482e-01 1.786289364e-01 1.974599510e-01 2.186057121e-01 2.351451665e-01
 2.437262386e-01 2.425432950e-01 2.317012250e-01 2.189090699e-01 2.080694735e-01
 1.705012437e-05 3.218610946e-04 1.008960069e-03 2.080234000e-03 3.538585268e-03
 5.387889221e-03 7.618852891e-03 9.084456600e-03 8.666814305e-03 7.045033388e-03
 5.271847360e-03 3.350398969e-03 1.290678279e-03-8.988195914e-04-3.211327363e-03
-5.644166376e-03-8.439374156e-03-1.154437196e-02-1.489089988e-02-1.839068718e-02
-2.193825133e-02-2.541770227e-02-2.871099859e-02-3.170553967e-02-3.429963440e-02
-3.640529886e-02-3.794854507e-02-3.886806965e-02-3.911333531e-02-3.864317760e-02
-3.742580488e-02-3.544088826e-02-3.268392384e-02-2.917251550e-02-2.495332062e-02
-2.010648884e-02-1.474459749e-02-9.004298598e-03-3.018911229e-03 3.332328051e-03
 1.000894047e-02 1.700839773e-02 2.432896569e-02 3.197270632e-02 3.994244710e-02
 4.823001474e-02 5.685927346e-02 6.589946896e-02 7.540249825e-02 8.543385565e-02
 9.608265013e-02 1.074914262e-01 1.198459268e-01 1.333485544e-01 1.483430862e-01
 1.653536111e-01 1.852093935e-01 2.092594504e-01 2.394737452e-01 2.628890872e-01
 2.754792571e-01 2.715423107e-01 2.514967322e-01 2.312144339e-01 2.161596268e-01
 1.644321674e-05 3.103441268e-04 9.724645643e-04 2.003801288e-03 3.405886469e-03
 5.180750508e-03 7.322757505e-03 8.662813343e-03 8.104857989e-03 6.308248732e-03
 4.324334208e-03 2.155682771e-03-1.948324061e-04-2.725306898e-03-5.439219996e-03
-8.577660657e-03-1.212112606e-02-1.601235941e-02-2.016087994e-02-2.444999479e-02
-2.874710038e-02-3.291567415e-02-3.682641685e-02-4.036536813e-02-4.343783483e-02
-4.596835747e-02-4.789769277e-02-4.917823523e-02-4.976921529e-02-4.963278398e-02
-4.873187840e-02-4.703064635e-02-4.449795932e-02-4.111444578e-02-3.688274696e-02
-3.183948621e-02-2.606552467e-02-1.968868822e-02-1.287099347e-02-5.774135236e-03
 1.450029784e-03 8.973248303e-03 1.678681187e-02 2.489035390e-02 3.328941762e-02
 4.198768735e-02 5.100457743e-02 6.038820744e-02 7.018763572e-02 8.046198636e-02
 9.128881991e-02 1.027896926e-01 1.151150987e-01 1.284149885e-01 1.429329515e-01
 1.590093374e-01 1.771249026e-01 1.980016083e-01 2.231328040e-01 2.425103486e-01
 2.555378973e-01 2.525895536e-01 2.369214296e-01 2.218103409e-01 2.099944353e-01
 1.576398608e-05 2.974666422e-04 9.317435906e-04 1.918784110e-03 3.258870682e-03
 4.952333868e-03 6.985944696e-03 8.202430792e-03 7.492277771e-03 5.511062685e-03
 3.308134386e-03 8.838129579e-04-1.759311301e-03-4.610772710e-03-7.943476550e-03
-1.176023483e-02-1.601967774e-02-2.063689940e-02-2.549011074e-02-3.043301031e-02
-3.531061485e-02-3.997495025e-02-4.429714754e-02-4.817396402e-02-5.152859539e-02
-5.430708081e-02-5.647204816e-02-5.799562484e-02-5.885267630e-02-5.901528150e-02
-5.844896659e-02-5.711127445e-02-5.495321378e-02-5.192444846e-02-4.798294231e-02
-4.310932755e-02-3.732480854e-02-3.070857003e-02-2.340720408e-02-1.562617905e-02
-7.595614530e-03 5.005336716e-04 8.819910698e-03 1.736407727e-02 2.613920160e-02
 3.515650332e-02 4.443345964e-02 5.399436876e-02 6.386978924e-02 7.409673929e-02
 8.472164720e-02 9.580717236e-02 1.074136198e-01 1.195808873e-01 1.323428303e-01
 1.456927508e-01 1.595066786e-01 1.733815372e-01 1.863463074e-01 1.967901886e-01
 2.033083737e-01 2.054082006e-01 2.036193758e-01 1.994050294e-01 1.942614913e-01
 1.506788158e-05 2.842802205e-04 8.900989778e-04 1.832001028e-03 3.109158948e-03
 4.720372148e-03 6.645564456e-03 7.737606764e-03 6.871635560e-03 4.705407191e-03
 2.282232279e-03-4.111680319e-04-3.388000652e-03-6.675616372e-03-1.054690499e-02
-1.496312022e-02-1.984402724e-02-2.506665699e-02-3.047477640e-02-3.589591384e-02
-4.116095975e-02-4.612099752e-02-5.065779388e-02-5.468687415e-02-5.815447867e-02
-6.103062257e-02-6.330059469e-02-6.495644897e-02-6.598948687e-02-6.638413668e-02
-6.611343473e-02-6.513627619e-02-6.339694560e-02-6.082764640e-02-5.735520646e-02
-5.291334912e-02-4.746128991e-02-4.100780934e-02-3.363582492e-02-2.551715448e-02
-1.690248214e-02-8.072842844e-03 7.485891692e-04 9.711191058e-03 1.882234775e-02
 2.809141763e-02 3.752905875e-02 4.714682326e-02 5.695614964e-02 6.696614623e-02
 7.717630267e-02 8.760511875e-02 9.830681980e-02 1.091574878e-01 1.201084405e-01
 1.310340613e-01 1.417153627e-01 1.518135816e-01 1.608731300e-01 1.683947742e-01
 1.739791930e-01 1.774667799e-01 1.789924055e-01 1.789268255e-01 1.777348965e-01
 1.440328924e-05 2.717065217e-04 8.504347061e-04 1.749482122e-03 2.967118984e-03
 4.500914365e-03 6.328446791e-03 7.301793899e-03 6.295580417e-03 3.961881157e-03
 1.343752723e-03-1.569718588e-03-4.780082032e-03-8.576912805e-03-1.297345944e-02
-1.792291552e-02-2.332089655e-02-2.901502512e-02-3.482304513e-02-4.055609927e-02
-4.604116455e-02-5.113725364e-02-5.574277788e-02-5.979471281e-02-6.326205283e-02
-6.613656133e-02-6.842300296e-02-7.013028860e-02-7.126399130e-02-7.182031125e-02
-7.178136706e-02-7.111184299e-02-6.975715607e-02-6.764374673e-02-6.468270719e-02
-6.077823788e-02-5.584299192e-02-4.982153326e-02-4.272081703e-02-3.464103490e-02
-2.579254285e-02-1.647873409e-02-7.029252127e-03 2.314358018e-03 1.171667129e-02
 2.118759230e-02 3.073236533e-02 4.035345465e-02 5.005025491e-02 5.981743336e-02
 6.964022666e-02 7.948427647e-02 8.930712193e-02 9.906380624e-02 1.086742729e-01
 1.180192381e-01 1.269405037e-01 1.352449507e-01 1.427204907e-01 1.491668224e-01
 1.544347405e-01 1.584601700e-01 1.612780392e-01 1.630098373e-01 1.638313234e-01
 1.381003494e-05 2.605003829e-04 8.151231450e-04 1.676134299e-03 2.841131529e-03
 4.306772724e-03 6.052768324e-03 6.918821018e-03 5.793034099e-03 3.312180517e-03
 5.149581702e-04-2.619598294e-03-6.128937006e-03-1.030345075e-02-1.511579100e-02
-2.048553154e-02-2.627657913e-02-3.230873495e-02-3.838004917e-02-4.429320991e-02
-4.987825826e-02-5.500648171e-02-5.959410965e-02-6.359791756e-02-6.700613350e-02
-6.982783973e-02-7.208281010e-02-7.379282266e-02-7.497461140e-02-7.563415915e-02
-7.576216757e-02-7.533045113e-02-7.428933680e-02-7.256647944e-02-7.006809860e-02
-6.668401510e-02-6.229887530e-02-5.681180581e-02-5.016610771e-02-4.238657281e-02
-3.361441940e-02-2.411980182e-02-1.426674332e-02-4.416328389e-03 5.219942890e-03
 1.485612337e-02 2.448349260e-02 3.409602121e-02 4.368620738e-02 5.324343592e-02
 6.275558472e-02 7.214373350e-02 8.130546659e-02 9.029565006e-02 9.903564304e-02
 1.074345261e-01 1.153900102e-01 1.227919981e-01 1.295313984e-01 1.355123818e-01
 1.406656504e-01 1.449587941e-01 1.484008431e-01 1.510392278e-01 1.529506147e-01
 1.331860858e-05 2.512331121e-04 7.859498728e-04 1.615627552e-03 2.737433650e-03
 4.147511441e-03 5.831703078e-03 6.608070806e-03 5.388825200e-03 2.803715644e-03
-1.005432496e-04-3.327701241e-03-7.179351524e-03-1.169331372e-02-1.684235595e-02
-2.253152244e-02-2.860473469e-02-3.486352786e-02-4.109458625e-02-4.709850252e-02
-5.271193013e-02-5.781885609e-02-6.235111132e-02-6.628134102e-02-6.961231679e-02
-7.236567140e-02-7.457182556e-02-7.626170665e-02-7.746011764e-02-7.818052173e-02
-7.842066139e-02-7.815894485e-02-7.735147327e-02-7.592997700e-02-7.380145043e-02
-7.085084915e-02-6.694881618e-02-6.196732074e-02-5.580598488e-02-4.842968285e-02
-3.991217166e-02-3.046939149e-02-2.045556158e-02-1.029655337e-02-3.598703479e-04
 9.456698783e-03 1.917045563e-02 2.878491394e-02 3.829476237e-02 4.768720642e-02
 5.693865567e-02 6.598244607e-02 7.475852966e-02 8.327486366e-02 9.148868173e-02
 9.933993965e-02 1.067632735e-01 1.136923954e-01 1.200650036e-01 1.258283108e-01
 1.309443414e-01 1.353939176e-01 1.391784400e-01 1.423191875e-01 1.448541433e-01
 1.295133461e-05 2.443041303e-04 7.641334669e-04 1.570362481e-03 2.659797901e-03
 4.028092138e-03 5.658318754e-03 6.372484844e-03 5.076210946e-03 2.402679762e-03
-6.065706839e-04-3.969901241e-03-8.010083809e-03-1.273939293e-02-1.811059192e-02
-2.400963567e-02-3.026291728e-02-3.665868193e-02-4.297690094e-02-4.901869223e-02
-5.462722853e-02-5.969669670e-02-6.417044252e-02-6.803221256e-02-7.129455358e-02
-7.398733497e-02-7.614789158e-02-7.781308144e-02-7.901310921e-02-7.976657897e-02
-8.007635176e-02-7.992593944e-02-7.927635312e-02-7.806359231e-02-7.619737089e-02
-7.356225699e-02-7.002311200e-02-6.543760747e-02-5.967907980e-02-5.267203227e-02
-4.443795606e-02-3.513923287e-02-2.509522252e-02-1.473818626e-02-4.492968321e-03
 5.398771260e-03 1.515407674e-02 2.476369031e-02 3.421719000e-02 4.349987954e-02
 5.258665606e-02 6.141918153e-02 6.995014846e-02 7.818458229e-02 8.609548956e-02
 9.364099801e-02 1.007763892e-01 1.074578464e-01 1.136454716e-01 1.193060577e-01
 1.244156361e-01 1.289613396e-01 1.329423040e-01 1.363694966e-01 1.392645687e-01
 1.272464033e-05 2.400213125e-04 7.506347611e-04 1.542311045e-03 2.611575415e-03
 3.953678999e-03 5.545191001e-03 6.224513054e-03 4.883335438e-03 2.150886925e-03
-9.313944029e-04-4.382339306e-03-8.529281244e-03-1.337799989e-02-1.887142472e-02
-2.488442510e-02-3.123311326e-02-3.769829869e-02-4.405669868e-02-5.011046678e-02
-5.570716038e-02-6.074720249e-02-6.518067420e-02-6.899758428e-02-7.221589983e-02
-7.486996800e-02-7.700086385e-02-7.864870131e-02-7.984669507e-02-8.061639965e-02
-8.096370846e-02-8.087529242e-02-8.031537384e-02-7.922296226e-02-7.751017064e-02
-7.506252080e-02-7.174313068e-02-6.740336865e-02-6.190347299e-02-5.514611676e-02
-4.712234065e-02-3.796030581e-02-2.795306779e-02-1.753157750e-02-7.160086185e-03
 2.830296988e-03 1.263294928e-02 2.224847116e-02 3.167207539e-02 4.089555889e-02
 4.991576076e-02 5.866193771e-02 6.701194495e-02 7.509253174e-02 8.284913003e-02
 9.024280310e-02 9.723789990e-02 1.038012207e-01 1.099031940e-01 1.155195013e-01
 1.206325144e-01 1.252323836e-01 1.293176711e-01 1.328952909e-01 1.359800249e-01
 1.265006085e-05 2.386099513e-04 7.461724454e-04 1.532994560e-03 2.595456084e-03
 3.928597551e-03 5.506682210e-03 6.173669826e-03 4.817280453e-03 2.066006185e-03
-1.038307557e-03-4.513883498e-03-8.689385839e-03-1.356919203e-02-1.909393072e-02
-2.513574809e-02-3.150819242e-02-3.799023479e-02-4.435786232e-02-5.041361973e-02
-5.600631237e-02-6.103806943e-02-6.546074152e-02-6.926599145e-02-7.247313857e-02
-7.511768490e-02-7.724167407e-02-7.888606191e-02-8.008489758e-02-8.086057752e-02
-8.121993393e-02-8.115065843e-02-8.061804622e-02-7.956223190e-02-7.789628953e-02
-7.550638169e-02-7.225554436e-02-6.799377501e-02-6.257791817e-02-5.590451881e-02
-4.795557261e-02-3.884843364e-02-2.886697464e-02-1.843988709e-02-8.041054010e-03
 1.975503750e-03 1.178598125e-02 2.139305882e-02 3.079259209e-02 3.997376561e-02
 4.891662672e-02 5.758793652e-02 6.595867872e-02 7.401456684e-02 8.173368871e-02
 8.908685297e-02 9.604351223e-02 1.025744155e-01 1.086534336e-01 1.142590493e-01
 1.193756014e-01 1.239942387e-01 1.281134486e-01 1.317391098e-01 1.348841190e-01
 1.273346697e-05 2.401809761e-04 7.511022850e-04 1.543172984e-03 2.612802200e-03
 3.955070861e-03 5.546313245e-03 6.224622484e-03 4.881588276e-03 2.152890898e-03
-9.187862743e-04-4.354930483e-03-8.480385877e-03-1.330320444e-02-1.876955666e-02
-2.475739829e-02-3.108533658e-02-3.753581271e-02-4.388620332e-02-4.993839562e-02
-5.553901941e-02-6.058719382e-02-6.503159553e-02-6.886091828e-02-7.209198177e-02
-7.475820929e-02-7.689990848e-02-7.855660468e-02-7.976104319e-02-8.053442091e-02
-8.088238537e-02-8.079145104e-02-8.022579551e-02-7.912452519e-02-7.740000635e-02
-7.493823767e-02-7.160311937e-02-6.724722683e-02-6.173250079e-02-5.496385694e-02
-4.693495855e-02-3.777645156e-02-2.778288536e-02-1.738475822e-02-7.043641526e-03
 2.913349075e-03 1.268134080e-02 2.225976996e-02 3.164172545e-02 4.081433639e-02
 4.975899681e-02 5.845263228e-02 6.686928868e-02 7.498002797e-02 8.275444806e-02
 9.016014636e-02 9.716401249e-02 1.037340835e-01 1.098415032e-01 1.154623851e-01
 1.205793694e-01 1.251827925e-01 1.292713135e-01 1.328519285e-01 1.359394938e-01
 1.297389827e-05 2.447093721e-04 7.653440698e-04 1.572674140e-03 2.663291758e-03
 4.032527562e-03 5.663002841e-03 6.376062054e-03 5.075178575e-03 2.404551953e-03
-5.936053349e-04-3.938215319e-03-7.929490879e-03-1.259926241e-02-1.791028306e-02
-2.375467494e-02-2.996312641e-02-3.632661700e-02-4.262620211e-02-4.866243526e-02
-5.427667126e-02-5.936051160e-02-6.385450810e-02-6.773973256e-02-7.102640718e-02
-7.374247909e-02-7.592372596e-02-7.760579139e-02-7.881793380e-02-7.957803458e-02
-7.988844812e-02-7.973241806e-02-7.907089591e-02-7.784011215e-02-7.595036924e-02
-7.328731567e-02-6.971755624e-02-6.510136276e-02-5.931570381e-02-5.228972062e-02
-4.405008256e-02-3.476369381e-02-2.475193329e-02-1.444493886e-02-4.261123482e-03
 5.566402804e-03 1.525655203e-02 2.479900047e-02 3.418212011e-02 4.339056090e-02
 5.240416154e-02 6.119762361e-02 6.974038482e-02 7.799677551e-02 8.592704684e-02
 9.348840266e-02 1.006367505e-01 1.073290110e-01 1.135258526e-01 1.191945001e-01
 1.243112981e-01 1.288635880e-01 1.328506917e-01 1.362836808e-01 1.391842663e-01
 1.336271271e-05 2.520367852e-04 7.884083316e-04 1.620503259e-03 2.745242091e-03
 4.158336204e-03 5.844877101e-03 6.621619686e-03 5.398903042e-03 2.806367585e-03
-1.194140204e-04-3.408827353e-03-7.105116267e-03-1.149585377e-02-1.654065959e-02
-2.214127220e-02-2.814262733e-02-3.434832767e-02-4.054622725e-02-4.653631523e-02
-5.215289816e-02-5.727642030e-02-6.183466315e-02-6.579630077e-02-6.916052848e-02
-7.194600254e-02-7.418072224e-02-7.589369267e-02-7.710825652e-02-7.783678174e-02
-7.807629555e-02-7.780483365e-02-7.697849721e-02-7.552951574e-02-7.336601615e-02
-7.037489861e-02-6.642986089e-02-6.140730903e-02-5.521278828e-02-4.781836644e-02
-3.930507228e-02-2.989409305e-02-1.994013041e-02-9.863018058e-03-1.866720959e-05
 9.706515819e-03 1.932913251e-02 2.885186486e-02 3.826854378e-02 4.756579176e-02
 5.672313645e-02 6.571254134e-02 7.449749112e-02 8.303243667e-02 9.126362950e-02
 9.913039207e-02 1.065675169e-01 1.135089621e-01 1.198927090e-01 1.256662309e-01
 1.307917684e-01 1.352503002e-01 1.390433908e-01 1.421923786e-01 1.447353214e-01
 1.388226156e-05 2.618540020e-04 8.193568210e-04 1.684829593e-03 2.855837345e-03
 4.328987561e-03 6.083938759e-03 6.960479077e-03 5.847889464e-03 3.387732897e-03
 6.218431517e-04-2.465957776e-03-5.891607609e-03-9.965137579e-03-1.467104349e-02
-1.993792132e-02-2.563754655e-02-3.159617260e-02-3.761600330e-02-4.350099713e-02
-4.907968640e-02-5.421974510e-02-5.883263424e-02-6.287007034e-02-6.631554663e-02
-6.917399913e-02-7.146180421e-02-7.319805771e-02-7.439743727e-02-7.506445050e-02
-7.518886030e-02-7.474211603e-02-7.367478311e-02-7.191554457e-02-6.937261671e-02
-6.593913585e-02-6.150467321e-02-5.597515404e-02-4.930239171e-02-4.152044654e-02
-3.277841210e-02-2.334972098e-02-1.359413192e-02-3.860335331e-03 5.657628179e-03
 1.517848019e-02 2.469248697e-02 3.419267014e-02 4.367055744e-02 5.311376229e-02
 6.250377744e-02 7.181300223e-02 8.100052178e-02 9.000861645e-02 9.876362234e-02
 1.071765348e-01 1.151452437e-01 1.225597262e-01 1.293109804e-01 1.353033334e-01
 1.404675990e-01 1.447715163e-01 1.482241601e-01 1.508730203e-01 1.527947336e-01
 1.450444324e-05 2.736294409e-04 8.565139142e-04 1.762166386e-03 2.989050001e-03
 4.535033368e-03 6.378148217e-03 7.371102460e-03 6.389006972e-03 4.093961790e-03
 1.531313406e-03-1.312514534e-03-4.434273578e-03-8.124829270e-03-1.240390353e-02
-1.723292284e-02-2.251661010e-02-2.811126225e-02-3.384138271e-02-3.952180594e-02
-4.497978836e-02-5.007161945e-02-5.469097570e-02-5.876914412e-02-6.226936728e-02
-6.517815590e-02-6.749581546e-02-6.922769547e-02-7.037664950e-02-7.093700767e-02
-7.088981569e-02-7.019957155e-02-6.881245971e-02-6.665690243e-02-6.364742666e-02
-5.969355255e-02-5.471528694e-02-4.866655543e-02-4.156474769e-02-3.351948410e-02
-2.474620566e-02-1.554557215e-02-6.235005800e-03 2.963744570e-03 1.222706120e-02
 2.156351693e-02 3.097709455e-02 4.046911001e-02 5.003821477e-02 5.968021601e-02
 6.939041615e-02 7.916480303e-02 8.897223324e-02 9.873653948e-02 1.083594039e-01
 1.177171916e-01 1.266509295e-01 1.349674463e-01 1.424548328e-01 1.489129812e-01
 1.541928798e-01 1.582305282e-01 1.610608995e-01 1.628054231e-01 1.636397243e-01
 1.519128818e-05 2.866346622e-04 8.975699893e-04 1.847669017e-03 3.136422718e-03
 4.763100296e-03 6.708281580e-03 7.825654000e-03 6.990700029e-03 4.871763755e-03
 2.513653599e-03-1.012969951e-04-2.982937265e-03-6.156235468e-03-9.897521697e-03
-1.417455357e-02-1.891572587e-02-2.400762588e-02-2.930279635e-02-3.463510796e-02
-3.983834386e-02-4.476292059e-02-4.928702116e-02-5.332074687e-02-5.680416897e-02
-5.970125645e-02-6.199189276e-02-6.366371363e-02-6.470467895e-02-6.509704143e-02
-6.481283158e-02-6.381125003e-02-6.203834340e-02-5.942979082e-02-5.591788888e-02
-5.144399777e-02-4.597695544e-02-3.953619674e-02-3.221428767e-02-2.418846451e-02
-1.570707932e-02-7.039080374e-03 1.613070723e-03 1.041521318e-02 1.937312447e-02
 2.849464491e-02 3.778889775e-02 4.726576060e-02 5.693457648e-02 6.680003554e-02
 7.683969289e-02 8.712764084e-02 9.791396558e-02 1.087875292e-01 1.197531372e-01
 1.306911111e-01 1.413837224e-01 1.514927298e-01 1.605631113e-01 1.680961698e-01
 1.736930162e-01 1.771942377e-01 1.787346452e-01 1.786846370e-01 1.775086373e-01
 1.589744534e-05 3.000120050e-04 9.398256079e-04 1.935747918e-03 3.288412932e-03
 4.998651799e-03 7.053917740e-03 8.297916502e-03 7.623220328e-03 5.690964870e-03
 3.552715993e-03 1.207631198e-03-1.339895185e-03-4.076481331e-03-7.273859344e-03
-1.093887817e-02-1.503707469e-02-1.949286647e-02-2.419445850e-02-2.900427021e-02
-3.377325088e-02-3.835579753e-02-4.262198880e-02-4.646481946e-02-4.980212077e-02
-5.257397518e-02-5.473733693e-02-5.625950173e-02-5.711174756e-02-5.726400390e-02
-5.668128282e-02-5.532239005e-02-5.314154178e-02-5.009366572e-02-4.614401981e-02
-4.128212854e-02-3.553862497e-02-2.900073864e-02-2.181904577e-02-1.419574022e-02
-6.348648574e-03 1.558886375e-03 9.700764902e-03 1.807668619e-02 2.669151872e-02
 3.555540368e-02 4.468429834e-02 5.410040542e-02 6.383237243e-02 7.391718030e-02
 8.441062272e-02 9.541463107e-02 1.070063561e-01 1.191815436e-01 1.319541186e-01
 1.453136951e-01 1.591358781e-01 1.730179936e-01 1.859900206e-01 1.964428127e-01
 2.029730231e-01 2.050885111e-01 2.033184767e-01 1.991246492e-01 1.940018833e-01
 1.657235589e-05 3.128031385e-04 9.802693967e-04 2.020176034e-03 3.434382146e-03
 5.225374829e-03 7.388117258e-03 8.754306473e-03 8.229425177e-03 6.478245370e-03
 4.553902429e-03 2.457398921e-03 1.936137269e-04-2.232303144e-03-4.819456022e-03
-7.807371672e-03-1.117932983e-02-1.488706004e-02-1.885078102e-02-2.296403050e-02
-2.710254677e-02-3.113530762e-02-3.493531048e-02-3.838789836e-02-4.139544070e-02
-4.387822747e-02-4.577243328e-02-4.702637345e-02-4.759634286e-02-4.744315892e-02
-4.653031752e-02-4.482452571e-02-4.229916632e-02-3.894099221e-02-3.475953266e-02
-2.979768068e-02-2.414006740e-02-1.791364700e-02-1.127595734e-02-4.376412369e-03
 2.652164549e-03 9.990653954e-03 1.762796380e-02 2.556197532e-02 3.379769996e-02
 4.234346002e-02 5.121948197e-02 6.046463549e-02 7.012423873e-02 8.025554568e-02
 9.093540162e-02 1.023440734e-01 1.146777943e-01 1.279908419e-01 1.425184458e-01
 1.586015373e-01 1.767207682e-01 1.975975484e-01 2.227238864e-01 2.421016246e-01
 2.551350594e-01 2.522077858e-01 2.365727872e-01 2.214936912e-01 2.097059488e-01
 1.716105908e-05 3.239682992e-04 1.015644986e-03 2.094252734e-03 3.562964266e-03
 5.426025949e-03 7.674618158e-03 9.162258357e-03 8.770951070e-03 7.186722010e-03
 5.462563131e-03 3.598179435e-03 1.605618163e-03-5.042396951e-04-2.720015356e-03
-5.028728396e-03-7.653723471e-03-1.056494564e-02-1.370732021e-02-1.700234227e-02
-2.035296522e-02-2.365031652e-02-2.678143978e-02-2.963660471e-02-3.211487085e-02
-3.412733600e-02-3.559822589e-02-3.646443784e-02-3.667443991e-02-3.618743271e-02
-3.497358784e-02-3.301600367e-02-3.031460382e-02-2.689152397e-02-2.279594727e-02
-1.810622774e-02-1.292763557e-02-7.371960208e-03-1.575984992e-03 4.596898332e-03
 1.110034715e-02 1.793046854e-02 2.508474514e-02 3.256484121e-02 4.037596658e-02
 4.852197319e-02 5.702649802e-02 6.594025344e-02 7.531259954e-02 8.520761132e-02
 9.571179003e-02 1.070286855e-01 1.193966642e-01 1.329123229e-01 1.479147822e-01
 1.649297178e-01 1.847863048e-01 2.088325322e-01 2.390365303e-01 2.624479532e-01
 2.750445604e-01 2.711299956e-01 2.511223853e-01 2.308778167e-01 2.158551514e-01
 1.760363739e-05 3.323769488e-04 1.042424934e-03 2.150759799e-03 3.661998315e-03
 5.582288839e-03 7.900609635e-03 9.487005882e-03 9.215010330e-03 7.772104815e-03
 6.217174698e-03 4.557280801e-03 2.807149896e-03 9.828386828e-04-8.977273828e-04
-2.813863568e-03-4.740931559e-03-6.888573524e-03-9.216800332e-03-1.166647580e-02
-1.416535862e-02-1.662916131e-02-1.896620728e-02-2.108285204e-02-2.288818918e-02
-2.429799177e-02-2.523773909e-02-2.564487606e-02-2.547075972e-02-2.468207479e-02
-2.326209657e-02-2.121212706e-02-1.855344884e-02-1.533137076e-02-1.161165163e-02
-7.466571871e-03-3.007339081e-03 1.898834598e-03 7.194206119e-03 1.285829768e-02
 1.887156442e-02 2.522149682e-02 3.190105408e-02 3.890793025e-02 4.623961821e-02
 5.389202386e-02 6.190782413e-02 7.031890005e-02 7.916493714e-02 8.850103617e-02
 9.841046482e-02 1.090333313e-01 1.205101535e-01 1.329458654e-01 1.465208679e-01
 1.614958197e-01 1.782047004e-01 1.970359087e-01 2.181798071e-01 2.347220182e-01
 2.433136702e-01 2.421508133e-01 2.313381433e-01 2.185770422e-01 2.077662051e-01
 1.783259358e-05 3.367585887e-04 1.056664507e-03 2.181685530e-03 3.718132386e-03
 5.674365908e-03 8.041574620e-03 9.693197906e-03 9.510575794e-03 8.175533265e-03
 6.753223483e-03 5.257954355e-03 3.706221236e-03 2.117201453e-03 5.120767746e-04
-1.085284282e-03-2.646882087e-03-4.137972370e-03-5.752583034e-03-7.426450495e-03
-9.118284099e-03-1.076740026e-02-1.230510511e-02-1.366106700e-02-1.476411521e-02
-1.554548275e-02-1.594216749e-02-1.590046473e-02-1.538241934e-02-1.436801348e-02
-1.285498589e-02-1.085518207e-02-8.383134380e-03-5.493073724e-03-2.270825673e-03
 1.437468454e-03 5.570850335e-03 1.010480896e-02 1.501335949e-02 2.027506195e-02
 2.587215975e-02 3.179061413e-02 3.801915422e-02 4.454918206e-02 5.135009810e-02
 5.845559388e-02 6.588389724e-02 7.364985347e-02 8.177439123e-02 9.028217942e-02
 9.918479621e-02 1.085738614e-01 1.187115237e-01 1.293096542e-01 1.404388249e-01
 1.520542800e-01 1.639788151e-01 1.757811010e-01 1.866054386e-01 1.952129006e-01
 2.005310953e-01 2.021639049e-01 2.005259693e-01 1.967016459e-01 1.918533593e-01
 1.776707359e-05 3.355960362e-04 1.053671702e-03 2.177558839e-03 3.715717699e-03
 5.679281428e-03 8.066296577e-03 9.740984999e-03 9.603903629e-03 8.334519342e-03
 7.003764622e-03 5.625858437e-03 4.220869392e-03 2.809690544e-03 1.413510996e-03
 5.370500003e-05-1.248524524e-03-2.473292872e-03-3.605179256e-03-4.582731519e-03
-5.580775905e-03-6.521505304e-03-7.345803082e-03-8.020175621e-03-8.497816510e-03
-8.729349822e-03-8.664899506e-03-8.246033452e-03-7.445891853e-03-6.261745933e-03
-4.715397023e-03-2.859357046e-03-5.149478675e-04 2.264103387e-03 5.443459377e-03
 9.015435353e-03 1.296207961e-02 1.726444438e-02 2.190336213e-02 2.686070837e-02
 3.212010860e-02 3.766762465e-02 4.349922389e-02 4.954118282e-02 5.580899492e-02
 6.234250218e-02 6.913311779e-02 7.618069649e-02 8.348763734e-02 9.105832875e-02
 9.890477359e-02 1.070579886e-01 1.155125126e-01 1.241916195e-01 1.330006570e-01
 1.418022215e-01 1.503771842e-01 1.584174335e-01 1.655342728e-01 1.713183671e-01
 1.754483283e-01 1.777942479e-01 1.784590036e-01 1.777350307e-01 1.760005057e-01
 1.730315853e-05 3.269436711e-04 1.027443213e-03 2.126307460e-03 3.634917550e-03
 5.568177905e-03 7.935200818e-03 9.582898580e-03 9.440200403e-03 8.186072111e-03
 6.896575447e-03 5.584226921e-03 4.274304491e-03 2.989411820e-03 1.750928117e-03
 5.790184368e-04-5.074401852e-04-1.490935101e-03-2.355235163e-03-3.084433731e-03
-3.672974883e-03-4.083583131e-03-4.249391612e-03-4.348175135e-03-4.319989122e-03
-4.134874325e-03-3.796458943e-03-3.077289788e-03-1.995775383e-03-5.603280733e-04
 1.223744010e-03 3.355747089e-03 5.851402413e-03 8.707725443e-03 1.191476453e-02
 1.546080038e-02 1.933132485e-02 2.350991964e-02 2.797915041e-02 3.272149712e-02
 3.772027045e-02 4.296464846e-02 4.841884598e-02 5.399468169e-02 5.978812277e-02
 6.577000767e-02 7.192945480e-02 7.825654000e-02 8.474034816e-02 9.136617929e-02
 9.810937196e-02 1.050109714e-01 1.121022403e-01 1.191902906e-01 1.261979192e-01
 1.330149174e-01 1.394995600e-01 1.454725116e-01 1.507531106e-01 1.551731378e-01
 1.586084366e-01 1.610053629e-01 1.623916626e-01 1.628670990e-01 1.625786573e-01
 1.629977123e-05 3.081595351e-04 9.698210051e-04 2.011511475e-03 3.448744770e-03
 5.301816389e-03 7.583133411e-03 9.153949097e-03 8.948846720e-03 7.647962309e-03
 6.337598898e-03 5.035875831e-03 3.771042218e-03 2.567513380e-03 1.446867711e-03
 4.280357971e-04-4.724269675e-04-1.239978243e-03-1.861687633e-03-2.325851237e-03
-2.621859778e-03-2.737964503e-03-2.666043118e-03-2.415386029e-03-1.976168947e-03
-1.330348896e-03-4.526991688e-04 6.989574758e-04 2.145922743e-03 3.899331903e-03
 5.964958575e-03 8.345792070e-03 1.104308665e-02 1.405348908e-02 1.736925170e-02
 2.097896487e-02 2.486792020e-02 2.901856042e-02 3.341114894e-02 3.802528977e-02
 4.284457490e-02 4.786512628e-02 5.293549225e-02 5.817141756e-02 6.353660673e-02
 6.901312619e-02 7.458494604e-02 8.023633808e-02 8.595119417e-02 9.171202779e-02
 9.750171006e-02 1.033482477e-01 1.092479676e-01 1.150661781e-01 1.207233220e-01
 1.261410564e-01 1.312311739e-01 1.358993202e-01 1.400534064e-01 1.436135918e-01
 1.465227753e-01 1.487547159e-01 1.503176838e-01 1.512520760e-01 1.516231596e-01
 1.456128939e-05 2.755699097e-04 8.694045246e-04 1.810068265e-03 3.118926892e-03
 4.824094474e-03 6.941812579e-03 8.359437808e-03 8.014260791e-03 6.591198500e-03
 5.191222299e-03 3.843011335e-03 2.577268984e-03 1.419856795e-03 3.914409026e-04
-4.919183557e-04-1.217831159e-03-1.776558347e-03-2.160082106e-03-2.361365594e-03
-2.373841824e-03-2.191092353e-03-1.807177090e-03-1.216661651e-03-4.110173613e-04
 6.215994363e-04 1.895810594e-03 3.427816788e-03 5.230806302e-03 7.314063143e-03
 9.683126584e-03 1.234009396e-02 1.528367959e-02 1.850887574e-02 2.200680226e-02
 2.576467022e-02 2.976574004e-02 3.398919478e-02 3.840954974e-02 4.299180955e-02
 4.769005254e-02 5.248635635e-02 5.737091973e-02 6.232646108e-02 6.733307987e-02
 7.236956060e-02 7.741574943e-02 8.245324343e-02 8.746515214e-02 9.243649244e-02
 9.736537188e-02 1.023100168e-01 1.072547287e-01 1.120667085e-01 1.166800931e-01
 1.210479066e-01 1.251215488e-01 1.288512498e-01 1.321898997e-01 1.350976229e-01
 1.375461370e-01 1.395220160e-01 1.410282850e-01 1.420838088e-01 1.427208930e-01
 1.182409596e-05 2.241942566e-04 7.105538389e-04 1.489748596e-03 2.591013210e-03
 4.053596407e-03 5.906402133e-03 7.057637442e-03 6.462073419e-03 4.812509753e-03
 3.251170274e-03 1.800440485e-03 4.986415734e-04-6.285212003e-04-1.565146842e-03
-2.302730456e-03-2.837580163e-03-3.168518888e-03-3.295150818e-03-3.216731828e-03
-2.931547351e-03-2.436652314e-03-1.727831783e-03-7.995448541e-04 3.553347487e-04
 1.745381509e-03 3.380095121e-03 5.269011948e-03 7.420476992e-03 9.840763174e-03
 1.253351290e-02 1.549935620e-02 1.873559318e-02 2.223589458e-02 2.599007078e-02
 2.998385392e-02 3.419855982e-02 3.861108050e-02 4.318774119e-02 4.785121977e-02
 5.251445249e-02 5.722598359e-02 6.198631227e-02 6.675177068e-02 7.148624957e-02
 7.615952939e-02 8.074683696e-02 8.522919565e-02 8.959326148e-02 9.382762015e-02
 9.791402519e-02 1.021700203e-01 1.063308194e-01 1.102841124e-01 1.140192375e-01
 1.175201088e-01 1.207654923e-01 1.237321496e-01 1.263975650e-01 1.287424713e-01
 1.307531595e-01 1.324231625e-01 1.337541342e-01 1.347559839e-01 1.354459822e-01
 7.772297977e-06 1.479867351e-04 4.737605632e-04 1.008764375e-03 1.791069517e-03
 2.874265891e-03 4.310838412e-03 5.029679276e-03 4.028261174e-03 2.026477363e-03
 1.913163287e-04-1.408592914e-03-2.751623513e-03-3.820120357e-03-4.614690784e-03
-5.146072712e-03-5.428526085e-03-5.475551821e-03-5.297664553e-03-4.901602399e-03
-4.290364217e-03-3.463642206e-03-2.418394201e-03-1.149414806e-03 3.501289757e-04
 2.088131383e-03 4.072918557e-03 6.312550511e-03 8.814089000e-03 1.158291474e-02
 1.462211832e-02 1.793194376e-02 2.150925808e-02 2.534707636e-02 2.943424322e-02
 3.375561535e-02 3.829462081e-02 4.303977266e-02 4.777799547e-02 5.257935077e-02
 5.742231756e-02 6.226944551e-02 6.707260758e-02 7.178376615e-02 7.635818422e-02
 8.075676858e-02 8.494748175e-02 8.890829235e-02 9.263562411e-02 9.613497555e-02
 9.975328296e-02 1.032805815e-01 1.065994948e-01 1.097120568e-01 1.126217991e-01
 1.153272092e-01 1.178228930e-01 1.201009303e-01 1.221523806e-01 1.239689142e-01
 1.255442500e-01 1.268752962e-01 1.279629171e-01 1.288122237e-01 1.294324547e-01
 2.144861583e-06 4.176948642e-05 1.410331024e-04 3.244765394e-04 6.343951100e-04
 1.136294450e-03 1.914720167e-03 1.926277997e-03 2.569360950e-04-2.301351400e-03
-4.527651705e-03-6.299848203e-03-7.600882556e-03-8.472027257e-03-8.967297152e-03
-9.142577648e-03-9.044021368e-03-8.704603650e-03-8.145173080e-03-7.376860827e-03
-6.403487641e-03-5.223559681e-03-3.831832437e-03-2.220524708e-03-3.802878491e-04
 1.698994893e-03 4.027513321e-03 6.614904851e-03 9.469680488e-03 1.259868406e-02
 1.600655541e-02 1.969514042e-02 2.366275154e-02 2.790319361e-02 3.240444884e-02
 3.714605421e-02 4.210421816e-02 4.716621339e-02 5.234550312e-02 5.758344010e-02
 6.282308698e-02 6.799715757e-02 7.303344458e-02 7.786117494e-02 8.241669834e-02
 8.664914221e-02 9.052497149e-02 9.397740662e-02 9.704052657e-02 1.001163721e-01
 1.029524803e-01 1.055695042e-01 1.079879552e-01 1.102263331e-01 1.122988239e-01
 1.142145172e-01 1.159775928e-01 1.175882965e-01 1.190441996e-01 1.203416064e-01
 1.214768067e-01 1.224471182e-01 1.232516095e-01 1.238915697e-01 1.243706718e-01
-4.982501650e-06-9.341717669e-05-2.872906625e-04-5.728211836e-04-9.226806578e-04
-1.285167295e-03-1.572740264e-03-2.782602096e-03-5.686976481e-03-9.246090427e-03
-1.199695375e-02-1.377300639e-02-1.465065964e-02-1.490043104e-02-1.472786348e-02
-1.426623669e-02-1.358832419e-02-1.272986364e-02-1.170525234e-02-1.051638834e-02
-9.157590568e-03-7.618478034e-03-5.885813851e-03-3.944789991e-03-1.779977698e-03
 6.239394424e-04 3.281586803e-03 6.206448656e-03 9.410521947e-03 1.290405635e-02
 1.669532433e-02 2.079037391e-02 2.519264072e-02 2.990224212e-02 3.490684554e-02
 4.016868398e-02 4.565867037e-02 5.135434493e-02 5.720251799e-02 6.312999874e-02
 6.904503703e-02 7.483851910e-02 8.038938791e-02 8.557039499e-02 9.030289948e-02
 9.443718940e-02 9.793706983e-02 1.009014398e-01 1.033772007e-01 1.054863483e-01
 1.073057577e-01 1.088977009e-01 1.103157252e-01 1.116013825e-01 1.127834469e-01
 1.138793975e-01 1.148977503e-01 1.158405691e-01 1.167056486e-01 1.174883842e-01
 1.181832403e-01 1.187848374e-01 1.192887202e-01 1.196918935e-01 1.199930385e-01
-1.281914319e-05-2.426724386e-04-7.649393519e-04-1.591125503e-03-2.740354743e-03
-4.240468610e-03-6.139945239e-03-9.586331435e-03-1.537575480e-02-2.157632820e-02
-2.502892725e-02-2.550332248e-02-2.433347702e-02-2.290456556e-02-2.147831209e-02
-2.006945387e-02-1.865383051e-02-1.720318012e-02-1.568998769e-02-1.408723183e-02
-1.236792840e-02-1.050514635e-02-8.472325280e-03-6.243736949e-03-3.794955090e-03
-1.103261719e-03 1.852037269e-03 5.089425948e-03 8.625154383e-03 1.247341465e-02
 1.664677262e-02 2.115676552e-02 2.601400763e-02 3.122683801e-02 3.679620102e-02
 4.271411151e-02 4.896889254e-02 5.553030223e-02 6.234624237e-02 6.933868676e-02
 7.638884336e-02 8.328039199e-02 8.981735259e-02 9.571678936e-02 1.007322222e-01
 1.047976092e-01 1.078604236e-01 1.100016907e-01 1.113909706e-01 1.122387052e-01
 1.127429083e-01 1.130570024e-01 1.132847890e-01 1.134890541e-01 1.137031168e-01
 1.139406413e-01 1.142028943e-01 1.144838035e-01 1.147733480e-01 1.150597930e-01
 1.153311878e-01 1.155763268e-01 1.157853454e-01 1.159500331e-01 1.160640121e-01
-1.990777491e-05-3.776514204e-04-1.196628669e-03-2.510177903e-03-4.377161618e-03
-6.897571962e-03-1.027681865e-02-1.609178632e-02-2.688214928e-02-4.388669506e-02
-4.866321757e-02-3.830107301e-02-3.341142088e-02-3.023839556e-02-2.771691233e-02
-2.552049793e-02-2.350499667e-02-2.158518881e-02-1.969828643e-02-1.779130101e-02
-1.581634022e-02-1.372893993e-02-1.148773730e-02-9.054646827e-03-6.395136472e-03
-3.478340339e-03-2.771591826e-04 3.231507493e-03 7.067081518e-03 1.124583464e-02
 1.578051224e-02 2.068512887e-02 2.598403580e-02 3.169671446e-02 3.784065694e-02
 4.453182593e-02 5.170047283e-02 5.934073031e-02 6.747686118e-02 7.593497634e-02
 8.478078991e-02 9.372203797e-02 1.022887900e-01 1.098406687e-01 1.158189625e-01
 1.199165061e-01 1.220748276e-01 1.225056201e-01 1.217335165e-01 1.203894168e-01
 1.189110279e-01 1.175216213e-01 1.163143814e-01 1.153155789e-01 1.145190373e-01
 1.139038205e-01 1.134432405e-01 1.131093875e-01 1.128754392e-01 1.127167195e-01
 1.126112044e-01 1.125396565e-01 1.124856323e-01 1.124353334e-01 1.123774797e-01
-2.493786451e-05-4.730633518e-04-1.498811762e-03-3.141484922e-03-5.462242756e-03
-8.538255468e-03-1.244957373e-02-1.826431230e-02-2.645329013e-02-3.452394158e-02
-3.897611797e-02-3.938128799e-02-3.740740567e-02-3.477068618e-02-3.215930238e-02
-2.973291837e-02-2.749219909e-02-2.539143153e-02-2.337202057e-02-2.137209661e-02
-1.932979748e-02-1.718533970e-02-1.488272753e-02-1.237124950e-02-9.607385844e-03
-6.554116495e-03-3.175638616e-03 5.556397955e-04 4.648531787e-03 9.139894508e-03
 1.403332874e-02 1.929707453e-02 2.499698661e-02 3.111634962e-02 3.781123459e-02
 4.530665278e-02 5.328394100e-02 6.186972931e-02 7.127166539e-02 8.161580563e-02
 9.309878945e-02 1.059449911e-01 1.202200353e-01 1.317953765e-01 1.398404092e-01
 1.437306702e-01 1.446867585e-01 1.401216090e-01 1.337796301e-01 1.285552830e-01
 1.243552491e-01 1.209978983e-01 1.183219180e-01 1.161941364e-01 1.145067960e-01
 1.131729856e-01 1.121223643e-01 1.112976149e-01 1.106516942e-01 1.101457402e-01
 1.097475290e-01 1.094302908e-01 1.091717854e-01 1.089536250e-01 1.087606698e-01
-2.729371045e-05-5.176572595e-04-1.639517723e-03-3.434742102e-03-5.970885511e-03
-9.348503314e-03-1.374416985e-02-2.068275772e-02-3.250849247e-02-4.977184907e-02
-5.485023186e-02-4.583038762e-02-4.099100828e-02-3.764028847e-02-3.488149494e-02
-3.247645497e-02-3.032687120e-02-2.836227231e-02-2.651329339e-02-2.470531873e-02
-2.285689302e-02-2.088642865e-02-1.872433722e-02-1.629816368e-02-1.354109123e-02
-1.045064535e-02-6.986805703e-03-3.084359458e-03 1.360769500e-03 6.199352443e-03
 1.140466612e-02 1.704647578e-02 2.314582467e-02 2.968766540e-02 3.679084405e-02
 4.449369758e-02 5.286325887e-02 6.202945486e-02 7.219771296e-02 8.367328346e-02
 9.692279994e-02 1.126643717e-01 1.318375617e-01 1.466935724e-01 1.564502567e-01
 1.598085612e-01 1.607236862e-01 1.511114985e-01 1.401018947e-01 1.320075542e-01
 1.259864271e-01 1.214115545e-01 1.178743318e-01 1.151049286e-01 1.129181758e-01
 1.111818850e-01 1.097983718e-01 1.086933091e-01 1.078087762e-01 1.070987657e-01
 1.065262035e-01 1.060609072e-01 1.056781039e-01 1.053574085e-01 1.050820127e-01
-2.680446960e-05-5.083180149e-04-1.609509345e-03-3.370216349e-03-5.852404516e-03
-9.135448374e-03-1.329963282e-02-1.948258094e-02-2.822309919e-02-3.695146367e-02
-4.170254618e-02-4.203224555e-02-4.014300182e-02-3.776889667e-02-3.552685678e-02
-3.355819359e-02-3.186129779e-02-3.038605861e-02-2.906216681e-02-2.780937962e-02
-2.653918788e-02-2.501307055e-02-2.320972271e-02-2.104527503e-02-1.841961779e-02
-1.531949639e-02-1.164390054e-02-7.431147154e-03-2.715949668e-03 2.469359199e-03
 8.040134795e-03 1.398380939e-02 2.031165175e-02 2.704580873e-02 3.422883153e-02
 4.192093015e-02 5.020354316e-02 5.919005349e-02 6.903959811e-02 7.997752726e-02
 9.233428538e-02 1.066492647e-01 1.241440848e-01 1.375518888e-01 1.465645134e-01
 1.496557444e-01 1.514485180e-01 1.429233551e-01 1.335691959e-01 1.267441064e-01
 1.214922220e-01 1.173665896e-01 1.140869558e-01 1.114587560e-01 1.093407124e-01
 1.076272205e-01 1.062374040e-01 1.051080748e-01 1.041889563e-01 1.034394950e-01
 1.028265432e-01 1.023227945e-01 1.019055843e-01 1.015560403e-01 1.012583971e-01
-2.359024620e-05-4.472544824e-04-1.415546751e-03-2.963592997e-03-5.151626654e-03
-8.075343445e-03-1.190497726e-02-1.807923801e-02-2.820824645e-02-4.009941965e-02
-4.467230290e-02-4.160102084e-02-3.832543641e-02-3.596502915e-02-3.420764208e-02
-3.291744366e-02-3.201732039e-02-3.142340109e-02-3.106321581e-02-3.067581914e-02
-3.032023460e-02-2.971942909e-02-2.877556533e-02-2.723792009e-02-2.491035871e-02
-2.171968110e-02-1.768710837e-02-1.294460893e-02-7.669939660e-03-2.007358475e-03
 3.955230583e-03 1.017858740e-02 1.665756293e-02 2.340866067e-02 3.046233766e-02
 3.785856813e-02 4.564394057e-02 5.386849865e-02 6.257928163e-02 7.180442661e-02
 8.151366562e-02 9.151808918e-02 1.012480706e-01 1.096551865e-01 1.159684509e-01
 1.198300868e-01 1.211730689e-01 1.202119216e-01 1.177778840e-01 1.149018481e-01
 1.121127009e-01 1.096000522e-01 1.074115857e-01 1.055392772e-01 1.039543897e-01
 1.026221141e-01 1.015077308e-01 1.005790755e-01 9.980729967e-02 9.916702658e-02
 9.863607585e-02 9.819518775e-02 9.782768786e-02 9.751918912e-02 9.725730866e-02
-1.816670374e-05-3.437889100e-04-1.083445502e-03-2.253632527e-03-3.884637263e-03
-6.029529497e-03-8.800689131e-03-1.348997001e-02-2.124465071e-02-2.980868891e-02
-3.407165781e-02-3.374211490e-02-3.232402727e-02-3.129269928e-02-3.068358079e-02
-3.046941571e-02-3.064071387e-02-3.119099885e-02-3.216309845e-02-3.303868696e-02
-3.419380262e-02-3.558999673e-02-3.666572273e-02-3.650450334e-02-3.477332368e-02
-3.128127009e-02-2.605114691e-02-1.980360597e-02-1.331785321e-02-6.812924519e-03
-3.187422117e-04 6.186897401e-03 1.274083182e-02 1.938203536e-02 2.614643984e-02
 3.306377679e-02 4.015415162e-02 4.742271826e-02 5.485084280e-02 6.238186359e-02
 6.990084052e-02 7.721281052e-02 8.403804898e-02 9.005251527e-02 9.497012943e-02
 9.861412644e-02 1.009522676e-01 1.021054089e-01 1.023225635e-01 1.019070148e-01
 1.011298746e-01 1.001883522e-01 9.920832515e-02 9.826303273e-02 9.739124775e-02
 9.661033750e-02 9.592498094e-02 9.533248842e-02 9.482618421e-02 9.439741075e-02
 9.403670579e-02 9.373458475e-02 9.348189831e-02 9.327011555e-02 9.309140593e-02
-1.177600825e-05-2.215866407e-04-6.888588541e-04-1.400484471e-03-2.331412863e-03
-3.434998216e-03-4.639377818e-03-6.899211556e-03-1.098832767e-02-1.570429839e-02
-1.942178421e-02-2.196951769e-02-2.357720956e-02-2.469192073e-02-2.563097142e-02
-2.661569230e-02-2.780240402e-02-2.928210981e-02-3.116531111e-02-3.353895992e-02
-3.666694090e-02-4.113341123e-02-4.797410592e-02-4.779617116e-02-4.729891941e-02
-4.408482462e-02-3.506156802e-02-2.584289014e-02-1.785640419e-02-1.057341695e-02
-3.721036250e-03 2.868951065e-03 9.307704866e-03 1.567054912e-02 2.200765721e-02
 2.834913135e-02 3.470656648e-02 4.107206315e-02 4.741536453e-02 5.368001759e-02
 5.978025123e-02 6.560160965e-02 7.100894302e-02 7.586368173e-02 8.004730195e-02
 8.348388970e-02 8.615471423e-02 8.810084313e-02 8.941296488e-02 9.021109343e-02
 9.062149376e-02 9.075869620e-02 9.071637690e-02 9.056559205e-02 9.035730362e-02
 9.012634307e-02 8.989540488e-02 8.967836946e-02 8.948294073e-02 8.931256086e-02
 8.916784823e-02 8.904755861e-02 8.894930035e-02 8.887004107e-02 8.880644292e-02
-6.113748441e-06-1.136251594e-04-3.426937328e-04-6.614382728e-04-1.014800393e-03
-1.317424118e-03-1.460210886e-03-2.423105529e-03-5.120194051e-03-8.694608696e-03
-1.189652737e-02-1.465625316e-02-1.695010066e-02-1.885063015e-02-2.058320306e-02
-2.226401120e-02-2.401307598e-02-2.596372366e-02-2.825221792e-02-3.107262030e-02
-3.471759707e-02-3.969595954e-02-4.625409842e-02-4.722105712e-02-4.703027382e-02
-4.393433779e-02-3.535911441e-02-2.637703717e-02-1.865570992e-02-1.168443728e-02
-5.189232063e-03 9.971651016e-04 6.981812883e-03 1.283386070e-02 1.859625615e-02
 2.429190651e-02 2.992670424e-02 3.549075872e-02 4.095875844e-02 4.629035294e-02
 5.143138021e-02 5.631694198e-02 6.087685749e-02 6.504338980e-02 6.876014173e-02
 7.199016958e-02 7.472131401e-02 7.696752250e-02 7.876571268e-02 8.016934991e-02
 8.124046773e-02 8.204220235e-02 8.263323456e-02 8.306454867e-02 8.337824792e-02
 8.360771835e-02 8.377856761e-02 8.390986919e-02 8.401539922e-02 8.410481364e-02
 8.418460935e-02 8.425889164e-02 8.433001488e-02 8.439909667e-02 8.446633071e-02
-2.393797331e-06-4.321231609e-05-1.206332236e-04-1.994385530e-04-2.197439171e-04
-9.068550571e-05 3.071427636e-04-3.158521213e-05-2.031955868e-03-4.936576821e-03
-7.615089417e-03-1.005771011e-02-1.227234863e-02-1.429431606e-02-1.618215255e-02
-1.800445095e-02-1.983277313e-02-2.173994854e-02-2.379876189e-02-2.607783861e-02
-2.862173505e-02-3.136018664e-02-3.370855376e-02-3.463210538e-02-3.387218714e-02
-3.123842366e-02-2.672876790e-02-2.120440267e-02-1.556039695e-02-1.001042034e-02
-4.585942253e-03 7.239406114e-04 5.938304588e-03 1.107373368e-02 1.614055596e-02
 2.114144899e-02 2.607092634e-02 3.091521561e-02 3.565247729e-02 4.025347903e-02
 4.468293861e-02 4.890169203e-02 5.286970362e-02 5.654969439e-02 5.991096050e-02
 6.293269247e-02 6.560617685e-02 6.793548912e-02 6.993657351e-02 7.163491100e-02
 7.306244224e-02 7.425433397e-02 7.524602860e-02 7.607112080e-02 7.675989717e-02
 7.733866572e-02 7.782956213e-02 7.825075090e-02 7.861679792e-02 7.893916965e-02
 7.922672480e-02 7.948618382e-02 7.972252369e-02 7.993938029e-02 8.013929427e-02
-8.660665571e-07-1.501647785e-05-3.695698615e-05-4.270953650e-05 9.000995306e-06
 1.861676283e-04 5.961970310e-04 2.990193898e-04-1.355135231e-03-3.401132068e-03
-5.397935398e-03-7.320989389e-03-9.158890694e-03-1.091097016e-02-1.258737594e-02
-1.420553774e-02-1.578499936e-02-1.734120212e-02-1.887712441e-02-2.037041448e-02
-2.175330557e-02-2.288837917e-02-2.356417477e-02-2.354780026e-02-2.266679332e-02
-2.085825987e-02-1.818886772e-02-1.484141499e-02-1.104010642e-02-6.968251429e-03
-2.745980397e-03 1.554701943e-03 5.890896078e-03 1.023537572e-02 1.456834562e-02
 1.887257397e-02 2.313059010e-02 2.732315101e-02 3.142858669e-02 3.542281687e-02
 3.927993029e-02 4.297327250e-02 4.647691920e-02 4.976737499e-02 5.282529816e-02
 5.563697591e-02 5.819531530e-02 6.050022319e-02 6.255827844e-02 6.438187510e-02
 6.598784029e-02 6.739600003e-02 6.862762570e-02 6.970418990e-02 7.064632326e-02
 7.147312164e-02 7.220172137e-02 7.284715772e-02 7.342230529e-02 7.393800467e-02
 7.440328598e-02 7.482551783e-02 7.521066815e-02 7.556353509e-02 7.588790357e-02
-8.645543517e-07-1.601515760e-05-4.777547656e-05-9.207663243e-05-1.475049503e-04
-2.282086352e-04-4.177739902e-04-9.520704043e-04-1.856726944e-03-3.010072745e-03
-4.304814152e-03-5.664007273e-03-7.038242184e-03-8.396844380e-03-9.720876813e-03
-1.099777687e-02-1.221648324e-02-1.336240489e-02-1.441199146e-02-1.532712579e-02
-1.605056599e-02-1.650523394e-02-1.660104282e-02-1.625047624e-02-1.538840868e-02
-1.398830861e-02-1.206865907e-02-9.687074460e-03-6.924246438e-03-3.865359817e-03
-5.869789165e-04 2.848128555e-03 6.390605588e-03 1.000172459e-02 1.365021244e-02
 1.730953343e-02 2.095586061e-02 2.456670627e-02 2.812014334e-02 3.159448504e-02
 3.496839479e-02 3.822128847e-02 4.133397713e-02 4.428942129e-02 4.707351699e-02
 4.967575520e-02 5.208967626e-02 5.431305617e-02 5.634779111e-02 5.819949135e-02
 5.987688154e-02 6.139103696e-02 6.275461614e-02 6.398107857e-02 6.508408487e-02
 6.607689708e-02 6.697206944e-02 6.778114289e-02 6.851451844e-02 6.918141991e-02
 6.978989393e-02 7.034686208e-02 7.085825503e-02 7.132906467e-02 7.176348567e-02
-1.328382950e-06-2.534388295e-05-8.119270933e-05-1.742142194e-04-3.162231296e-04
-5.296202144e-04-8.486742736e-04-1.308709849e-03-1.924779266e-03-2.683348488e-03
-3.552607726e-03-4.495425150e-03-5.476922262e-03-6.467069034e-03-7.440408692e-03
-8.374428377e-03-9.247342125e-03-1.003567781e-02-1.071200613e-02-1.124324836e-02
-1.159017533e-02-1.170880441e-02-1.155409962e-02-1.108564530e-02-1.027398836e-02
-9.105765261e-03-7.585958578e-03-5.736591294e-03-3.592459485e-03-1.195482211e-03
 1.410538331e-03 4.183615092e-03 7.085497491e-03 1.008219831e-02 1.314368006e-02
 1.624316536e-02 1.935639791e-02 2.246101201e-02 2.553608455e-02 2.856190503e-02
 3.151994571e-02 3.439298272e-02 3.716536984e-02 3.982335329e-02 4.235541821e-02
 4.475257173e-02 4.700856283e-02 4.911994189e-02 5.108600855e-02 5.290860683e-02
 5.459179729e-02 5.614148453e-02 5.756495520e-02 5.887045339e-02 6.006675214e-02
 6.116279587e-02 6.216741353e-02 6.308907270e-02 6.393573433e-02 6.471472979e-02
 6.543271989e-02 6.609568745e-02 6.670891494e-02 6.727708131e-02 6.780424714e-02
 2.800554991e+00 2.704636097e+00 2.538436890e+00 2.423857450e+00 2.327256203e+00
 2.247405767e+00 2.177272320e+00 2.115977049e+00 2.063884735e+00 2.016911745e+00
 1.974599481e+00 1.937020898e+00 1.905173421e+00 1.875968099e+00 1.849537492e+00
 1.826378942e+00 1.805788636e+00 1.788027644e+00 1.773259759e+00 1.760035753e+00
 1.748787761e+00 1.739421844e+00 1.732357025e+00 1.727105737e+00 1.723953605e+00
 1.722736597e+00 1.723282456e+00 1.725520253e+00 1.729637504e+00 1.735677719e+00
 1.743754268e+00 1.753797650e+00 1.766013741e+00 1.780501366e+00 1.797309875e+00
 1.816523790e+00 1.838310599e+00 1.862759829e+00 1.890147448e+00 1.920833349e+00
 1.954885960e+00 1.992586613e+00 2.034291267e+00 2.080547571e+00 2.131867647e+00
 2.188289881e+00 2.250957251e+00 2.320979118e+00 2.398992538e+00 2.485065699e+00
 2.580745697e+00 2.688497305e+00 2.810420752e+00 2.948205471e+00 3.106593132e+00
 3.290929079e+00 3.503549337e+00 3.751863003e+00 4.046646595e+00 4.403532982e+00
 4.869555950e+00 5.504074574e+00 6.392665863e+00 7.826966286e+00 1.211224174e+01
   64   34
 3.572244942e-01 0.000000000e+00 3.621735275e-01 1.375000030e-01 3.768157959e-01
 2.750000060e-01 3.891812861e-01 3.437500000e-01 4.112499952e-01 4.379833341e-01
 4.446874857e-01 5.447207689e-01 4.729021490e-01 6.187499762e-01 5.038852096e-01
 6.875000000e-01 5.391551256e-01 7.562500238e-01 5.757244229e-01 8.249999881e-01
 6.118749976e-01 8.927224874e-01 6.453124881e-01 9.581438899e-01 6.759876609e-01
 1.015473962e+00 7.456250191e-01 9.858840108e-01 7.822195888e-01 9.624999762e-01
 8.459374905e-01 9.369180202e-01 9.128124714e-01 9.065555334e-01 9.462500215e-01
 8.889799714e-01 1.013124943e+00 8.521043658e-01 1.053486228e+00 8.249999881e-01
 1.113437533e+00 7.838943601e-01 1.146875024e+00 7.554912567e-01 1.213750005e+00
 6.925765872e-01 1.247187495e+00 6.558142900e-01 1.280624986e+00 6.130945683e-01
 1.323589087e+00 5.500000119e-01 1.364307404e+00 4.812499881e-01 1.398966670e+00
 4.124999940e-01 1.428410053e+00 3.437500000e-01 1.453034401e+00 2.750000060e-01
 1.481250048e+00 1.680826396e-01 1.496931791e+00 6.875000149e-02 1.497269154e+00
-6.875000149e-02 1.481250048e+00-1.727483422e-01 1.454899549e+00-2.750000060e-01
 1.431034803e+00-3.437500000e-01 1.402539134e+00-4.124999940e-01 1.369065881e+00
-4.812499881e-01 1.329800606e+00-5.500000119e-01 1.284020662e+00-6.187499762e-01
 1.247187495e+00-6.664055586e-01 1.213750005e+00-7.036732435e-01 1.158622384e+00
-7.562500238e-01 1.113437533e+00-7.969564199e-01 1.072810769e+00-8.249999881e-01
 1.013124943e+00-8.662245274e-01 9.553617835e-01-8.937500119e-01 9.128124714e-01
-9.171674848e-01 8.459374905e-01-9.445878267e-01 7.790625095e-01-9.553709626e-01
 7.218043208e-01-9.727946520e-01 6.979836226e-01-9.886371493e-01 6.271581650e-01
-8.937500119e-01 5.784375072e-01-8.343828917e-01 5.450000167e-01-7.813338637e-01
 5.115625262e-01-7.155050635e-01 4.781250060e-01-6.470558643e-01 4.446874857e-01
-5.632265210e-01 4.184571207e-01-4.812499881e-01 3.998592198e-01-4.124999940e-01
 3.778125048e-01-2.910881937e-01 3.679300547e-01-2.062499970e-01 3.583521247e-01
-6.875000149e-02 3.572244942e-01 0.000000000e+00
 3.147999942e-01 0.000000000e+00 3.147999942e-01 1.049999952e+00 4.149999917e-01
 1.269999981e+00 4.149999917e-01 1.623399973e+00 5.715000033e-01 1.623399973e+00
 6.169999838e-01 1.628000021e+00 1.194000006e+00 1.401000023e+00 1.043300033e+00
 1.429999948e+00 1.319200039e+00 1.039700031e+00 1.335800052e+00 9.976000190e-01
 1.485100031e+00 5.450000167e-01 1.479099989e+00 4.995000064e-01 1.517400026e+00
 3.059999943e-01 1.531299949e+00 2.354999930e-01 1.546399951e+00 1.586000025e-01
 1.560799956e+00 8.009999990e-02 1.567000031e+00 0.000000000e+00 1.565700054e+00
-1.769999973e-02 1.554299951e+00-1.123000011e-01 1.534100056e+00-2.210000008e-01
 1.518100023e+00-3.025999963e-01 1.481799960e+00-4.860000014e-01 1.485100031e+00
-5.450000167e-01 1.335800052e+00-9.976000190e-01 1.319200039e+00-1.039700031e+00
 1.043300033e+00-1.429999948e+00 1.194000006e+00-1.401000023e+00 6.169999838e-01
-1.628000021e+00 5.715000033e-01-1.623399973e+00 4.149999917e-01-1.623399973e+00
 4.149999917e-01-1.269999981e+00 3.147999942e-01-1.049999952e+00 3.147999942e-01
 0.000000000e+00 3.147999942e-01 0.000000000e+00
    0 1.700000048E+00    0
 0.000000000e+00 1.251985282e-01 1.775101870e-01 2.165695280e-01 2.476548254e-01
 2.751601636e-01 2.985912859e-01 3.199868500e-01 3.398205936e-01 3.578970432e-01
 3.746379912e-01 3.904376030e-01 4.055128694e-01 4.198581278e-01 4.333370328e-01
 4.462272227e-01 4.587109387e-01 4.707406461e-01 4.823724926e-01 4.936772585e-01
 5.047013164e-01 5.153714418e-01 5.256617069e-01 5.357742310e-01 5.457132459e-01
 5.555303693e-01 5.651914477e-01 5.746776462e-01 5.839788318e-01 5.931404233e-01
 6.022324562e-01 6.112496853e-01 6.201854348e-01 6.290394664e-01 6.378971934e-01
 6.467334032e-01 6.555395126e-01 6.643072367e-01 6.730838418e-01 6.819242835e-01
 6.907718778e-01 6.996500492e-01 7.085942030e-01 7.176429629e-01 7.268006802e-01
 7.360233068e-01 7.453894019e-01 7.549905777e-01 7.647910714e-01 7.747302055e-01
 7.848504186e-01 7.952730656e-01 8.060349226e-01 8.171102405e-01 8.286409378e-01
 8.407133818e-01 8.532836437e-01 8.664653301e-01 8.803652525e-01 8.950477839e-01
 9.112318754e-01 9.289442301e-01 9.481990933e-01 9.710897207e-01 1.000000000e+00
    0
