    0   1.10066    0.00000E+00
    1   1.10198    0.00000E+00
    2   1.10331    0.00000E+00
    3   1.10463    0.00000E+00
    4   1.10595    0.00000E+00
    5   1.10728    0.00000E+00
    6   1.10860    0.00000E+00
    7   1.10992    0.00000E+00
    8   1.11124    0.00000E+00
    9   1.11257    0.00000E+00
   10   1.11389    0.00000E+00
   11   1.11521    0.00000E+00
   12   1.11654    0.00000E+00
   13   1.11786    0.00000E+00
   14   1.11918    0.00000E+00
   15   1.12050    0.00000E+00
   16   1.12183    0.00000E+00
   17   1.12315    0.00000E+00
   18   1.12447    0.00000E+00
   19   1.12580    0.00000E+00
   20   1.12712    0.00000E+00
   21   1.12844    0.00000E+00
   22   1.12976    0.00000E+00
   23   1.13109    0.00000E+00
   24   1.13241    0.00000E+00
   25   1.13373    0.00000E+00
   26   1.13506    0.00000E+00
   27   1.13638    0.00000E+00
   28   1.13770    0.00000E+00
   29   1.13902    0.00000E+00
   30   1.14035    0.00000E+00
   31   1.14167    0.00000E+00
   32   1.14299    0.00000E+00
   33   1.14432    0.00000E+00
   34   1.14564    0.00000E+00
   35   1.14696    0.00000E+00
   36   1.14828    0.00000E+00
   37   1.14961    0.00000E+00
   38   1.15093    0.00000E+00
   39   1.15225    0.00000E+00
   40   1.15358    0.00000E+00
   41   1.15490    0.00000E+00
   42   1.15622    0.00000E+00
   43   1.15755    0.00000E+00
   44   1.15887    0.00000E+00
   45   1.16019    0.00000E+00
   46   1.16151    0.00000E+00
   47   1.16284    0.00000E+00
   48   1.16416    0.00000E+00
   49   1.16548    0.00000E+00
   50   1.16681    0.00000E+00
   51   1.16813    0.00000E+00
   52   1.16945    0.00000E+00
   53   1.17077    0.00000E+00
   54   1.17210    0.00000E+00
   55   1.17342    0.00000E+00
   56   1.17474    0.00000E+00
   57   1.17607    0.00000E+00
   58   1.17739    0.00000E+00
   59   1.17871    0.00000E+00
   60   1.18003    0.00000E+00
   61   1.18136    0.00000E+00
   62   1.18268    0.00000E+00
   63   1.18400    0.00000E+00
   64   1.18533    0.00000E+00
   65   1.18665    0.00000E+00
   66   1.18797    0.00000E+00
   67   1.18929    0.00000E+00
   68   1.19062    0.00000E+00
   69   1.19194    0.00000E+00
   70   1.19326    0.00000E+00
   71   1.19459    0.00000E+00
   72   1.19591    0.00000E+00
   73   1.19723    0.00000E+00
   74   1.19855    0.00000E+00
   75   1.19988    0.00000E+00
   76   1.20120    6.78834E+15
   77   1.20252    6.86674E+15
   78   1.20385    6.94201E+15
   79   1.20517    6.99517E+15
   80   1.20649    7.05540E+15
   81   1.20781    7.12426E+15
   82   1.20914    7.16704E+15
   83   1.21046    7.27788E+15
   84   1.21178    7.33352E+15
   85   1.21311    7.44094E+15
   86   1.21443    7.55877E+15
   87   1.21575    7.81006E+15
   88   1.21707    8.01887E+15
   89   1.21840    8.12694E+15
   90   1.21972    8.37274E+15
   91   1.22104    8.43927E+15
   92   1.22237    8.59370E+15
   93   1.22369    8.81013E+15
   94   1.22501    8.74675E+15
   95   1.22633    8.76850E+15
   96   1.22766    8.91254E+15
   97   1.22898    8.94826E+15
   98   1.23030    9.18795E+15
   99   1.23163    9.34004E+15
  100   1.23295    9.47714E+15
  101   1.23427    9.74067E+15
  102   1.23559    9.94765E+15
  103   1.23692    1.02514E+16
  104   1.23824    1.05624E+16
  105   1.23956    1.05553E+16
  106   1.24089    1.05181E+16
  107   1.24221    1.05117E+16
  108   1.24353    1.06561E+16
  109   1.24485    1.10215E+16
  110   1.24618    1.14150E+16
  111   1.24750    1.15572E+16
  112   1.24882    1.16606E+16
  113   1.25015    1.18863E+16
  114   1.25147    1.20279E+16
  115   1.25279    1.19317E+16
  116   1.25412    1.22437E+16
  117   1.25544    1.22318E+16
  118   1.25676    1.24621E+16
  119   1.25808    1.27888E+16
  120   1.25941    1.29182E+16
  121   1.26073    1.31111E+16
  122   1.26205    1.34816E+16
  123   1.26338    1.40660E+16
  124   1.26470    1.40932E+16
  125   1.26602    1.45470E+16
  126   1.26734    1.48961E+16
  127   1.26867    1.51883E+16
  128   1.26999    1.54757E+16
  129   1.27131    1.57641E+16
  130   1.27264    1.65426E+16
  131   1.27396    1.68366E+16
  132   1.27528    1.71233E+16
  133   1.27660    1.72652E+16
  134   1.27793    1.73150E+16
  135   1.27925    1.75295E+16
  136   1.28057    1.75690E+16
  137   1.28190    1.78052E+16
  138   1.28322    1.79408E+16
  139   1.28454    1.82208E+16
  140   1.28586    1.86857E+16
  141   1.28719    1.95026E+16
  142   1.28851    1.97480E+16
  143   1.28983    1.98670E+16
  144   1.29116    2.00993E+16
  145   1.29248    2.02870E+16
  146   1.29380    2.07869E+16
  147   1.29512    2.11372E+16
  148   1.29645    2.12172E+16
  149   1.29777    2.11509E+16
  150   1.29909    2.13524E+16
  151   1.30042    2.18756E+16
  152   1.30174    2.29979E+16
  153   1.30306    2.33039E+16
  154   1.30438    2.36199E+16
  155   1.30571    2.38047E+16
  156   1.30703    2.46298E+16
  157   1.30835    2.52096E+16
  158   1.30968    2.52416E+16
  159   1.31100    2.51217E+16
  160   1.31232    2.50106E+16
  161   1.31364    2.56644E+16
  162   1.31497    2.70767E+16
  163   1.31629    2.73009E+16
  164   1.31761    2.75666E+16
  165   1.31894    2.78833E+16
  166   1.32026    2.94415E+16
  167   1.32158    2.99626E+16
  168   1.32290    3.00123E+16
  169   1.32423    3.01432E+16
  170   1.32555    3.06596E+16
  171   1.32687    3.18554E+16
  172   1.32820    3.19199E+16
  173   1.32952    3.23750E+16
  174   1.33084    3.25568E+16
  175   1.33216    3.39652E+16
  176   1.33349    3.42231E+16
  177   1.33481    3.47056E+16
  178   1.33613    3.53747E+16
  179   1.33746    3.52749E+16
  180   1.33878    3.61888E+16
  181   1.34010    3.67544E+16
  182   1.34142    3.68824E+16
  183   1.34275    3.73305E+16
  184   1.34407    3.74980E+16
  185   1.34539    3.79824E+16
  186   1.34672    3.86135E+16
  187   1.34804    3.85088E+16
  188   1.34936    3.97811E+16
  189   1.35068    4.02553E+16
  190   1.35201    4.11117E+16
  191   1.35333    4.09711E+16
  192   1.35465    4.23465E+16
  193   1.35598    4.29282E+16
  194   1.35730    4.30361E+16
  195   1.35862    4.50772E+16
  196   1.35995    4.63080E+16
  197   1.36127    4.65362E+16
  198   1.36259    4.70006E+16
  199   1.36391    4.78274E+16
  200   1.36524    4.91046E+16
  201   1.36656    4.97354E+16
  202   1.36788    5.03730E+16
  203   1.36921    5.39332E+16
  204   1.37053    5.40896E+16
  205   1.37185    5.43127E+16
  206   1.37317    5.54193E+16
  207   1.37450    5.80294E+16
  208   1.37582    5.87992E+16
  209   1.37714    5.97299E+16
  210   1.37847    6.23054E+16
  211   1.37979    6.35034E+16
  212   1.38111    6.40024E+16
  213   1.38243    6.48295E+16
  214   1.38376    6.84121E+16
  215   1.38508    6.94899E+16
  216   1.38640    6.97775E+16
  217   1.38773    7.15175E+16
  218   1.38905    7.44005E+16
  219   1.39037    7.50433E+16
  220   1.39169    7.58887E+16
  221   1.39302    7.61941E+16
  222   1.39434    7.77925E+16
  223   1.39566    8.02156E+16
  224   1.39699    8.29428E+16
  225   1.39831    8.55046E+16
  226   1.39963    8.61686E+16
  227   1.40095    8.69488E+16
  228   1.40228    8.80681E+16
  229   1.40360    8.78071E+16
  230   1.40492    8.82710E+16
  231   1.40625    9.05944E+16
  232   1.40757    9.37285E+16
  233   1.40889    9.53039E+16
  234   1.41021    9.69665E+16
  235   1.41154    1.06688E+17
  236   1.41286    1.08372E+17
  237   1.41418    1.11145E+17
  238   1.41551    1.14172E+17
  239   1.41683    1.18926E+17
  240   1.41815    1.20371E+17
  241   1.41947    1.27403E+17
  242   1.42080    1.41011E+17
  243   1.42212    1.42456E+17
  244   1.42344    1.44176E+17
  245   1.42477    1.50977E+17
  246   1.42609    1.54725E+17
  247   1.42741    1.59695E+17
  248   1.42873    1.70597E+17
  249   1.43006    1.79288E+17
  250   1.43138    1.83194E+17
  251   1.43270    1.89260E+17
  252   1.43403    2.00353E+17
  253   1.43535    2.03711E+17
  254   1.43667    2.11168E+17
  255   1.43799    2.29227E+17
  256   1.43932    2.35386E+17
  257   1.44064    2.41612E+17
  258   1.44196    2.50370E+17
  259   1.44329    2.57014E+17
  260   1.44461    2.61129E+17
  261   1.44593    2.72576E+17
  262   1.44725    2.90625E+17
  263   1.44858    2.95091E+17
  264   1.44990    3.00536E+17
  265   1.45122    3.14090E+17
  266   1.45255    3.19774E+17
  267   1.45387    3.31604E+17
  268   1.45519    3.63193E+17
  269   1.45651    3.90905E+17
  270   1.45784    3.97709E+17
  271   1.45916    4.16194E+17
  272   1.46048    4.29021E+17
  273   1.46181    4.42068E+17
  274   1.46313    4.57258E+17
  275   1.46445    5.24399E+17
  276   1.46578    5.42089E+17
  277   1.46710    5.61897E+17
  278   1.46842    5.95631E+17
  279   1.46974    6.11603E+17
  280   1.47107    6.28401E+17
  281   1.47239    6.68524E+17
  282   1.47371    7.30018E+17
  283   1.47504    7.49360E+17
  284   1.47636    7.68150E+17
  285   1.47768    8.75974E+17
  286   1.47900    9.10471E+17
  287   1.48033    9.49336E+17
  288   1.48165    1.00960E+18
  289   1.48297    1.04389E+18
  290   1.48430    1.11280E+18
  291   1.48562    1.17616E+18
  292   1.48694    1.36191E+18
  293   1.48826    1.40212E+18
  294   1.48959    1.41875E+18
  295   1.49091    1.33711E+18
  296   1.49223    1.40626E+18
  297   1.49356    1.47914E+18
  298   1.49488    1.66587E+18
  299   1.49620    1.95388E+18
  300   1.49752    2.06049E+18
  301   1.49885    2.14160E+18
  302   1.50017    1.65891E+18
  303   1.50149    1.69866E+18
  304   1.50282    1.76925E+18
  305   1.50414    1.81353E+18
  306   1.50546    1.86258E+18
  307   1.50678    1.91466E+18
  308   1.50811    1.66681E+18
  309   1.50943    1.51221E+18
  310   1.51075    1.56111E+18
  311   1.51208    1.64239E+18
  312   1.51340    1.65609E+18
  313   1.51472    1.73457E+18
  314   1.51604    1.34741E+18
  315   1.51737    4.39901E+17
  316   1.51869    4.43041E+17
  317   1.52001    4.34570E+17
  318   1.52134    4.62145E+17
  319   1.52266    4.55229E+17
  320   1.52398    4.80874E+17
  321   1.52530    3.34264E+17
  322   1.52663    3.25904E+17
  323   1.52795    3.10678E+17
  324   1.52927    3.28260E+17
  325   1.53060    3.16875E+17
  326   1.53192    3.09114E+17
  327   1.53324    2.36267E+17
  328   1.53456    1.56058E+17
  329   1.53589    1.67472E+17
  330   1.53721    1.80295E+17
  331   1.53853    1.77427E+17
  332   1.53986    1.91014E+17
  333   1.54118    1.32412E+17
  334   1.54250    1.74748E+16
  335   1.54382    2.06990E+16
  336   1.54515    2.27171E+16
  337   1.54647    2.46849E+16
  338   1.54779    2.56089E+16
  339   1.54912    2.45469E+16
  340   1.55044    2.75168E+15
  341   1.55176    1.41931E+12
  342   1.55308    1.41375E+12
  343   1.55441    1.40527E+12
  344   1.55573    1.39899E+12
  345   1.55705    1.39443E+12
  346   1.55838    1.37276E+12
  347   1.55970    1.32825E+12
  348   1.56102    1.32493E+12
  349   1.56235    1.32341E+12
  350   1.56367    1.31723E+12
  351   1.56499    1.31410E+12
  352   1.56631    1.31031E+12
  353   1.56764    1.28900E+12
  354   1.56896    1.28262E+12
  355   1.57028    1.27936E+12
  356   1.57161    1.27242E+12
  357   1.57293    1.26666E+12
  358   1.57425    1.26610E+12
  359   1.57557    1.24586E+12
  360   1.57690    1.22746E+12
  361   1.57822    1.22299E+12
  362   1.57954    1.21138E+12
  363   1.58087    1.20493E+12
  364   1.58219    1.20032E+12
  365   1.58351    1.19058E+12
  366   1.58483    1.16942E+12
  367   1.58616    1.15446E+12
  368   1.58748    1.15082E+12
  369   1.58880    1.15592E+12
  370   1.59013    0.00000E+00
  371   1.59145    0.00000E+00
  372   1.59277    0.00000E+00
  373   1.59409    0.00000E+00
  374   1.59542    0.00000E+00
  375   1.59674    0.00000E+00
  376   1.59806    0.00000E+00
  377   1.59939    0.00000E+00
  378   1.60071    0.00000E+00
  379   1.60203    0.00000E+00
  380   1.60335    0.00000E+00
  381   1.60468    0.00000E+00
  382   1.60600    0.00000E+00
  383   1.60732    0.00000E+00
  384   1.60865    0.00000E+00
  385   1.60997    0.00000E+00
  386   1.61129    0.00000E+00
  387   1.61261    0.00000E+00
  388   1.61394    0.00000E+00
  389   1.61526    0.00000E+00
  390   1.61658    0.00000E+00
  391   1.61791    0.00000E+00
  392   1.61923    0.00000E+00
  393   1.62055    0.00000E+00
  394   1.62187    0.00000E+00
  395   1.62320    0.00000E+00
  396   1.62452    0.00000E+00
  397   1.62584    0.00000E+00
  398   1.62717    0.00000E+00
  399   1.62849    0.00000E+00
  400   1.62981    0.00000E+00
  401   1.63113    0.00000E+00
  402   1.63246    0.00000E+00
  403   1.63378    0.00000E+00
  404   1.63510    0.00000E+00
  405   1.63643    0.00000E+00
  406   1.63775    0.00000E+00
  407   1.63907    0.00000E+00
  408   1.64039    0.00000E+00
  409   1.64172    0.00000E+00
  410   1.64304    0.00000E+00
  411   1.64436    0.00000E+00
  412   1.64569    0.00000E+00
  413   1.64701    0.00000E+00
  414   1.64833    0.00000E+00
  415   1.64965    0.00000E+00
  416   1.65098    0.00000E+00
  417   1.65230    0.00000E+00
  418   1.65362    0.00000E+00
  419   1.65495    0.00000E+00
  420   1.65627    0.00000E+00
  421   1.65759    0.00000E+00
  422   1.65891    0.00000E+00
  423   1.66024    0.00000E+00
  424   1.66156    0.00000E+00
  425   1.66288    0.00000E+00
  426   1.66421    0.00000E+00
  427   1.66553    0.00000E+00
  428   1.66685    0.00000E+00
  429   1.66818    0.00000E+00
  430   1.66950    0.00000E+00
  431   1.67082    0.00000E+00
  432   1.67214    0.00000E+00
  433   1.67347    0.00000E+00
  434   1.67479    0.00000E+00
  435   1.67611    0.00000E+00
  436   1.67744    0.00000E+00
  437   1.67876    0.00000E+00
  438   1.68008    0.00000E+00
  439   1.68140    0.00000E+00
  440   1.68273    0.00000E+00
  441   1.68405    0.00000E+00
  442   1.68537    0.00000E+00
  443   1.68670    0.00000E+00
  444   1.68802    0.00000E+00
  445   1.68934    0.00000E+00
  446   1.69066    0.00000E+00
  447   1.69199    0.00000E+00
  448   1.69331    0.00000E+00
  449   1.69463    0.00000E+00
  450   1.69596    0.00000E+00
  451   1.69728    0.00000E+00
  452   1.69860    0.00000E+00
  453   1.69992    0.00000E+00
  454   1.70125    0.00000E+00
  455   1.70257    0.00000E+00
  456   1.70389    0.00000E+00
  457   1.70522    0.00000E+00
  458   1.70654    0.00000E+00
  459   1.70786    0.00000E+00
  460   1.70918    0.00000E+00
  461   1.71051    0.00000E+00
  462   1.71183    0.00000E+00
  463   1.71315    0.00000E+00
  464   1.71448    0.00000E+00
  465   1.71580    0.00000E+00
  466   1.71712    0.00000E+00
  467   1.71844    0.00000E+00
  468   1.71977    0.00000E+00
  469   1.72109    0.00000E+00
  470   1.72241    0.00000E+00
  471   1.72374    0.00000E+00
  472   1.72506    0.00000E+00
  473   1.72638    0.00000E+00
  474   1.72770    0.00000E+00
  475   1.72903    0.00000E+00
  476   1.73035    0.00000E+00
  477   1.73167    0.00000E+00
  478   1.73300    0.00000E+00
  479   1.73432    0.00000E+00
  480   1.73564    0.00000E+00
  481   1.73696    0.00000E+00
  482   1.73829    0.00000E+00
  483   1.73961    0.00000E+00
  484   1.74093    0.00000E+00
  485   1.74226    0.00000E+00
  486   1.74358    0.00000E+00
  487   1.74490    0.00000E+00
  488   1.74622    0.00000E+00
  489   1.74755    0.00000E+00
  490   1.74887    0.00000E+00
  491   1.75019    0.00000E+00
  492   1.75152    0.00000E+00
  493   1.75284    0.00000E+00
  494   1.75416    0.00000E+00
  495   1.75548    0.00000E+00
  496   1.75681    0.00000E+00
  497   1.75813    0.00000E+00
  498   1.75945    0.00000E+00
  499   1.76078    0.00000E+00
  500   1.76210    0.00000E+00
  501   1.76342    0.00000E+00
  502   1.76475    0.00000E+00
  503   1.76607    0.00000E+00
  504   1.76739    0.00000E+00
  505   1.76871    0.00000E+00
  506   1.77004    0.00000E+00
  507   1.77136    0.00000E+00
  508   1.77268    0.00000E+00
  509   1.77401    0.00000E+00
  510   1.77533    0.00000E+00
  511   1.77665    0.00000E+00
  512   1.77797    0.00000E+00
  513   1.77930    0.00000E+00
  514   1.78062    0.00000E+00
  515   1.78194    0.00000E+00
  516   1.78327    0.00000E+00
  517   1.78459    0.00000E+00
  518   1.78591    0.00000E+00
  519   1.78723    0.00000E+00
  520   1.78856    0.00000E+00
  521   1.78988    0.00000E+00
  522   1.79120    0.00000E+00
  523   1.79253    0.00000E+00
  524   1.79385    0.00000E+00
  525   1.79517    0.00000E+00
  526   1.79649    0.00000E+00
  527   1.79782    0.00000E+00
  528   1.79914    0.00000E+00
