    0   1.10066    0.00000E+00
    1   1.10198    0.00000E+00
    2   1.10331    0.00000E+00
    3   1.10463    0.00000E+00
    4   1.10595    0.00000E+00
    5   1.10728    0.00000E+00
    6   1.10860    0.00000E+00
    7   1.10992    0.00000E+00
    8   1.11124    0.00000E+00
    9   1.11257    0.00000E+00
   10   1.11389    0.00000E+00
   11   1.11521    0.00000E+00
   12   1.11654    0.00000E+00
   13   1.11786    0.00000E+00
   14   1.11918    0.00000E+00
   15   1.12050    0.00000E+00
   16   1.12183    0.00000E+00
   17   1.12315    0.00000E+00
   18   1.12447    0.00000E+00
   19   1.12580    0.00000E+00
   20   1.12712    0.00000E+00
   21   1.12844    0.00000E+00
   22   1.12976    0.00000E+00
   23   1.13109    0.00000E+00
   24   1.13241    0.00000E+00
   25   1.13373    0.00000E+00
   26   1.13506    0.00000E+00
   27   1.13638    0.00000E+00
   28   1.13770    0.00000E+00
   29   1.13902    0.00000E+00
   30   1.14035    0.00000E+00
   31   1.14167    0.00000E+00
   32   1.14299    0.00000E+00
   33   1.14432    0.00000E+00
   34   1.14564    0.00000E+00
   35   1.14696    0.00000E+00
   36   1.14828    0.00000E+00
   37   1.14961    0.00000E+00
   38   1.15093    0.00000E+00
   39   1.15225    0.00000E+00
   40   1.15358    0.00000E+00
   41   1.15490    0.00000E+00
   42   1.15622    0.00000E+00
   43   1.15755    0.00000E+00
   44   1.15887    0.00000E+00
   45   1.16019    0.00000E+00
   46   1.16151    0.00000E+00
   47   1.16284    0.00000E+00
   48   1.16416    0.00000E+00
   49   1.16548    0.00000E+00
   50   1.16681    0.00000E+00
   51   1.16813    0.00000E+00
   52   1.16945    0.00000E+00
   53   1.17077    0.00000E+00
   54   1.17210    0.00000E+00
   55   1.17342    0.00000E+00
   56   1.17474    0.00000E+00
   57   1.17607    0.00000E+00
   58   1.17739    0.00000E+00
   59   1.17871    0.00000E+00
   60   1.18003    0.00000E+00
   61   1.18136    0.00000E+00
   62   1.18268    0.00000E+00
   63   1.18400    0.00000E+00
   64   1.18533    0.00000E+00
   65   1.18665    0.00000E+00
   66   1.18797    0.00000E+00
   67   1.18929    0.00000E+00
   68   1.19062    0.00000E+00
   69   1.19194    0.00000E+00
   70   1.19326    0.00000E+00
   71   1.19459    0.00000E+00
   72   1.19591    0.00000E+00
   73   1.19723    0.00000E+00
   74   1.19855    0.00000E+00
   75   1.19988    0.00000E+00
   76   1.20120    7.23386E+15
   77   1.20252    7.30694E+15
   78   1.20385    7.38306E+15
   79   1.20517    7.42617E+15
   80   1.20649    7.55097E+15
   81   1.20781    7.57998E+15
   82   1.20914    7.65364E+15
   83   1.21046    7.73535E+15
   84   1.21178    7.82744E+15
   85   1.21311    7.93098E+15
   86   1.21443    8.00034E+15
   87   1.21575    8.22859E+15
   88   1.21707    8.37401E+15
   89   1.21840    8.38506E+15
   90   1.21972    8.53722E+15
   91   1.22104    8.77487E+15
   92   1.22237    9.02313E+15
   93   1.22369    8.87601E+15
   94   1.22501    9.14205E+15
   95   1.22633    9.25187E+15
   96   1.22766    9.52461E+15
   97   1.22898    9.62572E+15
   98   1.23030    9.86118E+15
   99   1.23163    9.97024E+15
  100   1.23295    1.00961E+16
  101   1.23427    1.02217E+16
  102   1.23559    1.04288E+16
  103   1.23692    1.06177E+16
  104   1.23824    1.07805E+16
  105   1.23956    1.10103E+16
  106   1.24089    1.10007E+16
  107   1.24221    1.10478E+16
  108   1.24353    1.10571E+16
  109   1.24485    1.14377E+16
  110   1.24618    1.16604E+16
  111   1.24750    1.16315E+16
  112   1.24882    1.17838E+16
  113   1.25015    1.21643E+16
  114   1.25147    1.23713E+16
  115   1.25279    1.24131E+16
  116   1.25412    1.26673E+16
  117   1.25544    1.26986E+16
  118   1.25676    1.27331E+16
  119   1.25808    1.34273E+16
  120   1.25941    1.35236E+16
  121   1.26073    1.37552E+16
  122   1.26205    1.42084E+16
  123   1.26338    1.45039E+16
  124   1.26470    1.48056E+16
  125   1.26602    1.49661E+16
  126   1.26734    1.52408E+16
  127   1.26867    1.55449E+16
  128   1.26999    1.58572E+16
  129   1.27131    1.64069E+16
  130   1.27264    1.70487E+16
  131   1.27396    1.73782E+16
  132   1.27528    1.76511E+16
  133   1.27660    1.76981E+16
  134   1.27793    1.78337E+16
  135   1.27925    1.81480E+16
  136   1.28057    1.81079E+16
  137   1.28190    1.83439E+16
  138   1.28322    1.85013E+16
  139   1.28454    1.84788E+16
  140   1.28586    1.87395E+16
  141   1.28719    1.96562E+16
  142   1.28851    2.01740E+16
  143   1.28983    2.04887E+16
  144   1.29116    2.04141E+16
  145   1.29248    2.02468E+16
  146   1.29380    2.07880E+16
  147   1.29512    2.16294E+16
  148   1.29645    2.17150E+16
  149   1.29777    2.17933E+16
  150   1.29909    2.20356E+16
  151   1.30042    2.27951E+16
  152   1.30174    2.32292E+16
  153   1.30306    2.38488E+16
  154   1.30438    2.40967E+16
  155   1.30571    2.45244E+16
  156   1.30703    2.45712E+16
  157   1.30835    2.56415E+16
  158   1.30968    2.58013E+16
  159   1.31100    2.58053E+16
  160   1.31232    2.58338E+16
  161   1.31364    2.68739E+16
  162   1.31497    2.71994E+16
  163   1.31629    2.74046E+16
  164   1.31761    2.78109E+16
  165   1.31894    2.82349E+16
  166   1.32026    2.91342E+16
  167   1.32158    2.90953E+16
  168   1.32290    2.92623E+16
  169   1.32423    2.94678E+16
  170   1.32555    3.00914E+16
  171   1.32687    3.09743E+16
  172   1.32820    3.19015E+16
  173   1.32952    3.24072E+16
  174   1.33084    3.26836E+16
  175   1.33216    3.31891E+16
  176   1.33349    3.32380E+16
  177   1.33481    3.35628E+16
  178   1.33613    3.42962E+16
  179   1.33746    3.60528E+16
  180   1.33878    3.69573E+16
  181   1.34010    3.66688E+16
  182   1.34142    3.66797E+16
  183   1.34275    3.75105E+16
  184   1.34407    3.79413E+16
  185   1.34539    3.83779E+16
  186   1.34672    3.88655E+16
  187   1.34804    4.07975E+16
  188   1.34936    4.12784E+16
  189   1.35068    4.13861E+16
  190   1.35201    4.18932E+16
  191   1.35333    4.31696E+16
  192   1.35465    4.31048E+16
  193   1.35598    4.30007E+16
  194   1.35730    4.30876E+16
  195   1.35862    4.41143E+16
  196   1.35995    4.71438E+16
  197   1.36127    4.72475E+16
  198   1.36259    4.74312E+16
  199   1.36391    4.86666E+16
  200   1.36524    5.03248E+16
  201   1.36656    5.06827E+16
  202   1.36788    5.09660E+16
  203   1.36921    5.37237E+16
  204   1.37053    5.41870E+16
  205   1.37185    5.48627E+16
  206   1.37317    5.62659E+16
  207   1.37450    5.89595E+16
  208   1.37582    5.88203E+16
  209   1.37714    5.89921E+16
  210   1.37847    6.06830E+16
  211   1.37979    6.24924E+16
  212   1.38111    6.26178E+16
  213   1.38243    6.30204E+16
  214   1.38376    6.69023E+16
  215   1.38508    6.77728E+16
  216   1.38640    6.83352E+16
  217   1.38773    7.00641E+16
  218   1.38905    7.54425E+16
  219   1.39037    7.55821E+16
  220   1.39169    7.61572E+16
  221   1.39302    7.81696E+16
  222   1.39434    7.91728E+16
  223   1.39566    8.13754E+16
  224   1.39699    8.33910E+16
  225   1.39831    8.67833E+16
  226   1.39963    8.74585E+16
  227   1.40095    8.87705E+16
  228   1.40228    8.89470E+16
  229   1.40360    9.10432E+16
  230   1.40492    9.11920E+16
  231   1.40625    9.37341E+16
  232   1.40757    9.71447E+16
  233   1.40889    9.85214E+16
  234   1.41021    1.01597E+17
  235   1.41154    1.08416E+17
  236   1.41286    1.10232E+17
  237   1.41418    1.12118E+17
  238   1.41551    1.16512E+17
  239   1.41683    1.21460E+17
  240   1.41815    1.23804E+17
  241   1.41947    1.29514E+17
  242   1.42080    1.43168E+17
  243   1.42212    1.44610E+17
  244   1.42344    1.47745E+17
  245   1.42477    1.56581E+17
  246   1.42609    1.60067E+17
  247   1.42741    1.62222E+17
  248   1.42873    1.69409E+17
  249   1.43006    1.82926E+17
  250   1.43138    1.88572E+17
  251   1.43270    1.95267E+17
  252   1.43403    2.05350E+17
  253   1.43535    2.08736E+17
  254   1.43667    2.13894E+17
  255   1.43799    2.36213E+17
  256   1.43932    2.42597E+17
  257   1.44064    2.50014E+17
  258   1.44196    2.58285E+17
  259   1.44329    2.65574E+17
  260   1.44461    2.72231E+17
  261   1.44593    2.84609E+17
  262   1.44725    2.98618E+17
  263   1.44858    3.04343E+17
  264   1.44990    3.11676E+17
  265   1.45122    3.26335E+17
  266   1.45255    3.32741E+17
  267   1.45387    3.39136E+17
  268   1.45519    3.76153E+17
  269   1.45651    4.02622E+17
  270   1.45784    4.10869E+17
  271   1.45916    4.21604E+17
  272   1.46048    4.40741E+17
  273   1.46181    4.48358E+17
  274   1.46313    4.76851E+17
  275   1.46445    5.57510E+17
  276   1.46578    5.73154E+17
  277   1.46710    5.93165E+17
  278   1.46842    6.22599E+17
  279   1.46974    6.38066E+17
  280   1.47107    6.60054E+17
  281   1.47239    7.09568E+17
  282   1.47371    7.60438E+17
  283   1.47504    7.80169E+17
  284   1.47636    8.23121E+17
  285   1.47768    9.08448E+17
  286   1.47900    9.28820E+17
  287   1.48033    9.52758E+17
  288   1.48165    1.03160E+18
  289   1.48297    1.08464E+18
  290   1.48430    1.12725E+18
  291   1.48562    1.21651E+18
  292   1.48694    1.38443E+18
  293   1.48826    1.43671E+18
  294   1.48959    1.47753E+18
  295   1.49091    1.33501E+18
  296   1.49223    1.37799E+18
  297   1.49356    1.44308E+18
  298   1.49488    1.59879E+18
  299   1.49620    1.88342E+18
  300   1.49752    2.01064E+18
  301   1.49885    2.06359E+18
  302   1.50017    1.59383E+18
  303   1.50149    1.62866E+18
  304   1.50282    1.69841E+18
  305   1.50414    1.74221E+18
  306   1.50546    1.78334E+18
  307   1.50678    1.82940E+18
  308   1.50811    1.64011E+18
  309   1.50943    1.59877E+18
  310   1.51075    1.62347E+18
  311   1.51208    1.70413E+18
  312   1.51340    1.75158E+18
  313   1.51472    1.83599E+18
  314   1.51604    1.44584E+18
  315   1.51737    4.87064E+17
  316   1.51869    5.03509E+17
  317   1.52001    5.23795E+17
  318   1.52134    5.23775E+17
  319   1.52266    5.43027E+17
  320   1.52398    5.41343E+17
  321   1.52530    3.23281E+17
  322   1.52663    3.37998E+17
  323   1.52795    3.47691E+17
  324   1.52927    3.57538E+17
  325   1.53060    3.63120E+17
  326   1.53192    3.65369E+17
  327   1.53324    2.81393E+17
  328   1.53456    1.95990E+17
  329   1.53589    2.01158E+17
  330   1.53721    2.00878E+17
  331   1.53853    1.95908E+17
  332   1.53986    2.11030E+17
  333   1.54118    1.65256E+17
  334   1.54250    5.77898E+16
  335   1.54382    5.75627E+16
  336   1.54515    6.04385E+16
  337   1.54647    6.80478E+16
  338   1.54779    7.02921E+16
  339   1.54912    7.66215E+16
  340   1.55044    8.42050E+16
  341   1.55176    9.49178E+16
  342   1.55308    9.11099E+16
  343   1.55441    1.10399E+17
  344   1.55573    1.22090E+17
  345   1.55705    1.20705E+17
  346   1.55838    7.87793E+16
  347   1.55970    9.48698E+16
  348   1.56102    8.80690E+16
  349   1.56235    7.94020E+16
  350   1.56367    7.18993E+16
  351   1.56499    6.76617E+16
  352   1.56631    7.61867E+16
  353   1.56764    9.50815E+16
  354   1.56896    7.32604E+16
  355   1.57028    9.02803E+16
  356   1.57161    9.28027E+16
  357   1.57293    9.89404E+16
  358   1.57425    1.02023E+17
  359   1.57557    1.12910E+17
  360   1.57690    9.39800E+16
  361   1.57822    8.28434E+16
  362   1.57954    6.77144E+16
  363   1.58087    8.85809E+16
  364   1.58219    9.17336E+16
  365   1.58351    1.02444E+17
  366   1.58483    9.13555E+16
  367   1.58616    1.23593E+17
  368   1.58748    1.16102E+17
  369   1.58880    1.21356E+17
  370   1.59013    0.00000E+00
  371   1.59145    0.00000E+00
  372   1.59277    0.00000E+00
  373   1.59409    0.00000E+00
  374   1.59542    0.00000E+00
  375   1.59674    0.00000E+00
  376   1.59806    0.00000E+00
  377   1.59939    0.00000E+00
  378   1.60071    0.00000E+00
  379   1.60203    0.00000E+00
  380   1.60335    0.00000E+00
  381   1.60468    0.00000E+00
  382   1.60600    0.00000E+00
  383   1.60732    0.00000E+00
  384   1.60865    0.00000E+00
  385   1.60997    0.00000E+00
  386   1.61129    0.00000E+00
  387   1.61261    0.00000E+00
  388   1.61394    0.00000E+00
  389   1.61526    0.00000E+00
  390   1.61658    0.00000E+00
  391   1.61791    0.00000E+00
  392   1.61923    0.00000E+00
  393   1.62055    0.00000E+00
  394   1.62187    0.00000E+00
  395   1.62320    0.00000E+00
  396   1.62452    0.00000E+00
  397   1.62584    0.00000E+00
  398   1.62717    0.00000E+00
  399   1.62849    0.00000E+00
  400   1.62981    0.00000E+00
  401   1.63113    0.00000E+00
  402   1.63246    0.00000E+00
  403   1.63378    0.00000E+00
  404   1.63510    0.00000E+00
  405   1.63643    0.00000E+00
  406   1.63775    0.00000E+00
  407   1.63907    0.00000E+00
  408   1.64039    0.00000E+00
  409   1.64172    0.00000E+00
  410   1.64304    0.00000E+00
  411   1.64436    0.00000E+00
  412   1.64569    0.00000E+00
  413   1.64701    0.00000E+00
  414   1.64833    0.00000E+00
  415   1.64965    0.00000E+00
  416   1.65098    0.00000E+00
  417   1.65230    0.00000E+00
  418   1.65362    0.00000E+00
  419   1.65495    0.00000E+00
  420   1.65627    0.00000E+00
  421   1.65759    0.00000E+00
  422   1.65891    0.00000E+00
  423   1.66024    0.00000E+00
  424   1.66156    0.00000E+00
  425   1.66288    0.00000E+00
  426   1.66421    0.00000E+00
  427   1.66553    0.00000E+00
  428   1.66685    0.00000E+00
  429   1.66818    0.00000E+00
  430   1.66950    0.00000E+00
  431   1.67082    0.00000E+00
  432   1.67214    0.00000E+00
  433   1.67347    0.00000E+00
  434   1.67479    0.00000E+00
  435   1.67611    0.00000E+00
  436   1.67744    0.00000E+00
  437   1.67876    0.00000E+00
  438   1.68008    0.00000E+00
  439   1.68140    0.00000E+00
  440   1.68273    0.00000E+00
  441   1.68405    0.00000E+00
  442   1.68537    0.00000E+00
  443   1.68670    0.00000E+00
  444   1.68802    0.00000E+00
  445   1.68934    0.00000E+00
  446   1.69066    0.00000E+00
  447   1.69199    0.00000E+00
  448   1.69331    0.00000E+00
  449   1.69463    0.00000E+00
  450   1.69596    0.00000E+00
  451   1.69728    0.00000E+00
  452   1.69860    0.00000E+00
  453   1.69992    0.00000E+00
  454   1.70125    0.00000E+00
  455   1.70257    0.00000E+00
  456   1.70389    0.00000E+00
  457   1.70522    0.00000E+00
  458   1.70654    0.00000E+00
  459   1.70786    0.00000E+00
  460   1.70918    0.00000E+00
  461   1.71051    0.00000E+00
  462   1.71183    0.00000E+00
  463   1.71315    0.00000E+00
  464   1.71448    0.00000E+00
  465   1.71580    0.00000E+00
  466   1.71712    0.00000E+00
  467   1.71844    0.00000E+00
  468   1.71977    0.00000E+00
  469   1.72109    0.00000E+00
  470   1.72241    0.00000E+00
  471   1.72374    0.00000E+00
  472   1.72506    0.00000E+00
  473   1.72638    0.00000E+00
  474   1.72770    0.00000E+00
  475   1.72903    0.00000E+00
  476   1.73035    0.00000E+00
  477   1.73167    0.00000E+00
  478   1.73300    0.00000E+00
  479   1.73432    0.00000E+00
  480   1.73564    0.00000E+00
  481   1.73696    0.00000E+00
  482   1.73829    0.00000E+00
  483   1.73961    0.00000E+00
  484   1.74093    0.00000E+00
  485   1.74226    0.00000E+00
  486   1.74358    0.00000E+00
  487   1.74490    0.00000E+00
  488   1.74622    0.00000E+00
  489   1.74755    0.00000E+00
  490   1.74887    0.00000E+00
  491   1.75019    0.00000E+00
  492   1.75152    0.00000E+00
  493   1.75284    0.00000E+00
  494   1.75416    0.00000E+00
  495   1.75548    0.00000E+00
  496   1.75681    0.00000E+00
  497   1.75813    0.00000E+00
  498   1.75945    0.00000E+00
  499   1.76078    0.00000E+00
  500   1.76210    0.00000E+00
  501   1.76342    0.00000E+00
  502   1.76475    0.00000E+00
  503   1.76607    0.00000E+00
  504   1.76739    0.00000E+00
  505   1.76871    0.00000E+00
  506   1.77004    0.00000E+00
  507   1.77136    0.00000E+00
  508   1.77268    0.00000E+00
  509   1.77401    0.00000E+00
  510   1.77533    0.00000E+00
  511   1.77665    0.00000E+00
  512   1.77797    0.00000E+00
  513   1.77930    0.00000E+00
  514   1.78062    0.00000E+00
  515   1.78194    0.00000E+00
  516   1.78327    0.00000E+00
  517   1.78459    0.00000E+00
  518   1.78591    0.00000E+00
  519   1.78723    0.00000E+00
  520   1.78856    0.00000E+00
  521   1.78988    0.00000E+00
  522   1.79120    0.00000E+00
  523   1.79253    0.00000E+00
  524   1.79385    0.00000E+00
  525   1.79517    0.00000E+00
  526   1.79649    0.00000E+00
  527   1.79782    0.00000E+00
  528   1.79914    0.00000E+00
