    0   1.10066    0.00000E+00
    1   1.10198    0.00000E+00
    2   1.10331    0.00000E+00
    3   1.10463    0.00000E+00
    4   1.10595    0.00000E+00
    5   1.10728    0.00000E+00
    6   1.10860    0.00000E+00
    7   1.10992    0.00000E+00
    8   1.11124    0.00000E+00
    9   1.11257    0.00000E+00
   10   1.11389    0.00000E+00
   11   1.11521    0.00000E+00
   12   1.11654    0.00000E+00
   13   1.11786    0.00000E+00
   14   1.11918    0.00000E+00
   15   1.12050    0.00000E+00
   16   1.12183    0.00000E+00
   17   1.12315    0.00000E+00
   18   1.12447    0.00000E+00
   19   1.12580    0.00000E+00
   20   1.12712    0.00000E+00
   21   1.12844    0.00000E+00
   22   1.12976    0.00000E+00
   23   1.13109    0.00000E+00
   24   1.13241    0.00000E+00
   25   1.13373    0.00000E+00
   26   1.13506    0.00000E+00
   27   1.13638    0.00000E+00
   28   1.13770    0.00000E+00
   29   1.13902    0.00000E+00
   30   1.14035    0.00000E+00
   31   1.14167    0.00000E+00
   32   1.14299    0.00000E+00
   33   1.14432    0.00000E+00
   34   1.14564    0.00000E+00
   35   1.14696    0.00000E+00
   36   1.14828    0.00000E+00
   37   1.14961    0.00000E+00
   38   1.15093    0.00000E+00
   39   1.15225    0.00000E+00
   40   1.15358    0.00000E+00
   41   1.15490    0.00000E+00
   42   1.15622    0.00000E+00
   43   1.15755    0.00000E+00
   44   1.15887    0.00000E+00
   45   1.16019    0.00000E+00
   46   1.16151    0.00000E+00
   47   1.16284    0.00000E+00
   48   1.16416    0.00000E+00
   49   1.16548    0.00000E+00
   50   1.16681    0.00000E+00
   51   1.16813    0.00000E+00
   52   1.16945    0.00000E+00
   53   1.17077    0.00000E+00
   54   1.17210    0.00000E+00
   55   1.17342    0.00000E+00
   56   1.17474    0.00000E+00
   57   1.17607    0.00000E+00
   58   1.17739    0.00000E+00
   59   1.17871    0.00000E+00
   60   1.18003    0.00000E+00
   61   1.18136    0.00000E+00
   62   1.18268    0.00000E+00
   63   1.18400    0.00000E+00
   64   1.18533    0.00000E+00
   65   1.18665    0.00000E+00
   66   1.18797    0.00000E+00
   67   1.18929    0.00000E+00
   68   1.19062    0.00000E+00
   69   1.19194    0.00000E+00
   70   1.19326    0.00000E+00
   71   1.19459    0.00000E+00
   72   1.19591    0.00000E+00
   73   1.19723    0.00000E+00
   74   1.19855    0.00000E+00
   75   1.19988    0.00000E+00
   76   1.20120    0.00000E+00
   77   1.20252    0.00000E+00
   78   1.20385    0.00000E+00
   79   1.20517    0.00000E+00
   80   1.20649    0.00000E+00
   81   1.20781    0.00000E+00
   82   1.20914    0.00000E+00
   83   1.21046    0.00000E+00
   84   1.21178    0.00000E+00
   85   1.21311    0.00000E+00
   86   1.21443    0.00000E+00
   87   1.21575    0.00000E+00
   88   1.21707    0.00000E+00
   89   1.21840    0.00000E+00
   90   1.21972    0.00000E+00
   91   1.22104    0.00000E+00
   92   1.22237    0.00000E+00
   93   1.22369    0.00000E+00
   94   1.22501    0.00000E+00
   95   1.22633    0.00000E+00
   96   1.22766    0.00000E+00
   97   1.22898    0.00000E+00
   98   1.23030    0.00000E+00
   99   1.23163    0.00000E+00
  100   1.23295    0.00000E+00
  101   1.23427    0.00000E+00
  102   1.23559    0.00000E+00
  103   1.23692    0.00000E+00
  104   1.23824    0.00000E+00
  105   1.23956    0.00000E+00
  106   1.24089    0.00000E+00
  107   1.24221    0.00000E+00
  108   1.24353    0.00000E+00
  109   1.24485    0.00000E+00
  110   1.24618    0.00000E+00
  111   1.24750    0.00000E+00
  112   1.24882    0.00000E+00
  113   1.25015    0.00000E+00
  114   1.25147    0.00000E+00
  115   1.25279    0.00000E+00
  116   1.25412    0.00000E+00
  117   1.25544    0.00000E+00
  118   1.25676    0.00000E+00
  119   1.25808    0.00000E+00
  120   1.25941    0.00000E+00
  121   1.26073    0.00000E+00
  122   1.26205    0.00000E+00
  123   1.26338    0.00000E+00
  124   1.26470    0.00000E+00
  125   1.26602    0.00000E+00
  126   1.26734    0.00000E+00
  127   1.26867    0.00000E+00
  128   1.26999    0.00000E+00
  129   1.27131    0.00000E+00
  130   1.27264    0.00000E+00
  131   1.27396    0.00000E+00
  132   1.27528    0.00000E+00
  133   1.27660    0.00000E+00
  134   1.27793    0.00000E+00
  135   1.27925    0.00000E+00
  136   1.28057    0.00000E+00
  137   1.28190    0.00000E+00
  138   1.28322    0.00000E+00
  139   1.28454    0.00000E+00
  140   1.28586    0.00000E+00
  141   1.28719    0.00000E+00
  142   1.28851    0.00000E+00
  143   1.28983    0.00000E+00
  144   1.29116    0.00000E+00
  145   1.29248    0.00000E+00
  146   1.29380    0.00000E+00
  147   1.29512    0.00000E+00
  148   1.29645    0.00000E+00
  149   1.29777    0.00000E+00
  150   1.29909    0.00000E+00
  151   1.30042    0.00000E+00
  152   1.30174    0.00000E+00
  153   1.30306    0.00000E+00
  154   1.30438    0.00000E+00
  155   1.30571    0.00000E+00
  156   1.30703    0.00000E+00
  157   1.30835    0.00000E+00
  158   1.30968    0.00000E+00
  159   1.31100    0.00000E+00
  160   1.31232    0.00000E+00
  161   1.31364    0.00000E+00
  162   1.31497    0.00000E+00
  163   1.31629    0.00000E+00
  164   1.31761    0.00000E+00
  165   1.31894    0.00000E+00
  166   1.32026    0.00000E+00
  167   1.32158    0.00000E+00
  168   1.32290    0.00000E+00
  169   1.32423    0.00000E+00
  170   1.32555    0.00000E+00
  171   1.32687    0.00000E+00
  172   1.32820    0.00000E+00
  173   1.32952    0.00000E+00
  174   1.33084    0.00000E+00
  175   1.33216    0.00000E+00
  176   1.33349    0.00000E+00
  177   1.33481    0.00000E+00
  178   1.33613    0.00000E+00
  179   1.33746    0.00000E+00
  180   1.33878    0.00000E+00
  181   1.34010    0.00000E+00
  182   1.34142    0.00000E+00
  183   1.34275    0.00000E+00
  184   1.34407    2.38514E+11
  185   1.34539    4.77029E+11
  186   1.34672    9.54057E+11
  187   1.34804    1.19257E+12
  188   1.34936    6.84429E+12
  189   1.35068    1.19254E+13
  190   1.35201    2.02974E+13
  191   1.35333    2.02974E+13
  192   1.35465    2.01303E+13
  193   1.35598    1.08994E+13
  194   1.35730    1.14555E+13
  195   1.35862    2.68116E+12
  196   1.35995    2.02551E+12
  197   1.36127    1.08381E+13
  198   1.36259    2.01570E+13
  199   1.36391    1.51761E+13
  200   1.36524    1.28749E+13
  201   1.36656    1.33311E+13
  202   1.36788    1.10299E+13
  203   1.36921    1.23614E+13
  204   1.37053    1.36216E+13
  205   1.37185    1.48818E+13
  206   1.37317    1.30516E+13
  207   1.37450    7.59030E+12
  208   1.37582    1.04159E+13
  209   1.37714    1.92437E+13
  210   1.37847    7.21179E+12
  211   1.37979    1.18584E+13
  212   1.38111    1.60027E+13
  213   1.38243    1.65049E+13
  214   1.38376    1.99518E+13
  215   1.38508    1.69650E+13
  216   1.38640    3.95521E+12
  217   1.38773    1.13945E+12
  218   1.38905    1.04932E+13
  219   1.39037    1.89579E+13
  220   1.39169    1.99535E+13
  221   1.39302    1.10665E+13
  222   1.39434    1.01626E+13
  223   1.39566    1.65719E+13
  224   1.39699    1.63785E+13
  225   1.39831    1.28883E+13
  226   1.39963    7.90370E+12
  227   1.40095    4.41351E+12
  228   1.40228    8.11496E+12
  229   1.40360    8.48403E+12
  230   1.40492    1.14351E+13
  231   1.40625    1.19299E+13
  232   1.40757    1.12676E+13
  233   1.40889    1.13933E+13
  234   1.41021    1.07311E+13
  235   1.41154    7.89335E+12
  236   1.41286    9.14626E+12
  237   1.41418    1.26126E+13
  238   1.41551    5.50716E+13
  239   1.41683    4.40420E+13
  240   1.41815    3.61828E+13
  241   1.41947    4.36677E+13
  242   1.42080    8.66176E+13
  243   1.42212    6.85832E+13
  244   1.42344    7.08317E+13
  245   1.42477    9.51163E+13
  246   1.42609    9.61312E+13
  247   1.42741    7.59682E+13
  248   1.42873    5.82749E+13
  249   1.43006    1.02758E+14
  250   1.43138    6.26180E+13
  251   1.43270    7.00540E+13
  252   1.43403    4.75740E+13
  253   1.43535    1.05704E+14
  254   1.43667    1.29684E+14
  255   1.43799    9.64191E+13
  256   1.43932    1.16926E+14
  257   1.44064    1.55846E+14
  258   1.44196    1.38124E+14
  259   1.44329    1.48461E+14
  260   1.44461    1.23136E+14
  261   1.44593    1.00606E+14
  262   1.44725    1.72817E+14
  263   1.44858    1.83686E+14
  264   1.44990    1.70189E+14
  265   1.45122    2.04087E+14
  266   1.45255    1.93813E+14
  267   1.45387    1.79355E+14
  268   1.45519    2.14745E+14
  269   1.45651    4.19409E+14
  270   1.45784    4.81000E+14
  271   1.45916    5.57203E+14
  272   1.46048    6.15279E+14
  273   1.46181    5.45859E+14
  274   1.46313    6.68488E+14
  275   1.46445    9.76144E+14
  276   1.46578    9.72732E+14
  277   1.46710    1.07143E+15
  278   1.46842    1.08695E+15
  279   1.46974    1.13157E+15
  280   1.47107    1.15841E+15
  281   1.47239    1.95260E+15
  282   1.47371    2.01800E+15
  283   1.47504    2.30517E+15
  284   1.47636    2.76588E+15
  285   1.47768    3.44215E+15
  286   1.47900    3.74753E+15
  287   1.48033    4.24652E+15
  288   1.48165    5.53504E+15
  289   1.48297    6.94155E+15
  290   1.48430    7.41385E+15
  291   1.48562    8.86635E+15
  292   1.48694    1.43181E+16
  293   1.48826    1.60235E+16
  294   1.48959    1.90589E+16
  295   1.49091    2.37830E+16
  296   1.49223    2.98326E+16
  297   1.49356    3.70928E+16
  298   1.49488    5.10240E+16
  299   1.49620    8.02388E+16
  300   1.49752    9.03241E+16
  301   1.49885    1.03900E+17
  302   1.50017    1.20432E+17
  303   1.50149    1.26463E+17
  304   1.50282    1.39466E+17
  305   1.50414    1.46346E+17
  306   1.50546    1.55321E+17
  307   1.50678    1.67786E+17
  308   1.50811    1.75526E+17
  309   1.50943    1.87317E+17
  310   1.51075    1.97090E+17
  311   1.51208    2.08422E+17
  312   1.51340    2.18642E+17
  313   1.51472    2.30919E+17
  314   1.51604    1.81476E+17
  315   1.51737    6.30898E+16
  316   1.51869    6.44094E+16
  317   1.52001    6.55094E+16
  318   1.52134    6.68020E+16
  319   1.52266    6.82787E+16
  320   1.52398    6.60526E+16
  321   1.52530    4.36824E+16
  322   1.52663    4.42627E+16
  323   1.52795    4.51063E+16
  324   1.52927    4.55677E+16
  325   1.53060    4.61063E+16
  326   1.53192    4.69331E+16
  327   1.53324    3.80034E+16
  328   1.53456    2.98693E+16
  329   1.53589    3.02338E+16
  330   1.53721    3.04928E+16
  331   1.53853    3.08272E+16
  332   1.53986    3.10893E+16
  333   1.54118    2.39983E+16
  334   1.54250    2.79319E+15
  335   1.54382    2.81855E+15
  336   1.54515    2.82691E+15
  337   1.54647    2.84564E+15
  338   1.54779    2.86616E+15
  339   1.54912    2.77385E+15
  340   1.55044    7.70655E+14
  341   1.55176    1.57243E+10
  342   1.55308    1.58056E+10
  343   1.55441    1.58483E+10
  344   1.55573    1.58929E+10
  345   1.55705    1.59497E+10
  346   1.55838    1.61871E+10
  347   1.55970    1.63649E+10
  348   1.56102    1.64253E+10
  349   1.56235    1.64856E+10
  350   1.56367    1.65525E+10
  351   1.56499    1.65712E+10
  352   1.56631    1.66428E+10
  353   1.56764    1.69773E+10
  354   1.56896    1.71244E+10
  355   1.57028    1.72255E+10
  356   1.57161    1.72539E+10
  357   1.57293    1.73067E+10
  358   1.57425    1.73516E+10
  359   1.57557    1.77056E+10
  360   1.57690    1.80740E+10
  361   1.57822    1.81267E+10
  362   1.57954    1.81603E+10
  363   1.58087    1.81714E+10
  364   1.58219    1.82117E+10
  365   1.58351    1.82445E+10
  366   1.58483    1.86411E+10
  367   1.58616    1.90318E+10
  368   1.58748    1.91569E+10
  369   1.58880    1.92346E+10
  370   1.59013    0.00000E+00
  371   1.59145    0.00000E+00
  372   1.59277    0.00000E+00
  373   1.59409    0.00000E+00
  374   1.59542    0.00000E+00
  375   1.59674    0.00000E+00
  376   1.59806    0.00000E+00
  377   1.59939    0.00000E+00
  378   1.60071    0.00000E+00
  379   1.60203    0.00000E+00
  380   1.60335    0.00000E+00
  381   1.60468    0.00000E+00
  382   1.60600    0.00000E+00
  383   1.60732    0.00000E+00
  384   1.60865    0.00000E+00
  385   1.60997    0.00000E+00
  386   1.61129    0.00000E+00
  387   1.61261    0.00000E+00
  388   1.61394    0.00000E+00
  389   1.61526    0.00000E+00
  390   1.61658    0.00000E+00
  391   1.61791    0.00000E+00
  392   1.61923    0.00000E+00
  393   1.62055    0.00000E+00
  394   1.62187    0.00000E+00
  395   1.62320    0.00000E+00
  396   1.62452    0.00000E+00
  397   1.62584    0.00000E+00
  398   1.62717    0.00000E+00
  399   1.62849    0.00000E+00
  400   1.62981    0.00000E+00
  401   1.63113    0.00000E+00
  402   1.63246    0.00000E+00
  403   1.63378    0.00000E+00
  404   1.63510    0.00000E+00
  405   1.63643    0.00000E+00
  406   1.63775    0.00000E+00
  407   1.63907    0.00000E+00
  408   1.64039    0.00000E+00
  409   1.64172    0.00000E+00
  410   1.64304    0.00000E+00
  411   1.64436    0.00000E+00
  412   1.64569    0.00000E+00
  413   1.64701    0.00000E+00
  414   1.64833    0.00000E+00
  415   1.64965    0.00000E+00
  416   1.65098    0.00000E+00
  417   1.65230    0.00000E+00
  418   1.65362    0.00000E+00
  419   1.65495    0.00000E+00
  420   1.65627    0.00000E+00
  421   1.65759    0.00000E+00
  422   1.65891    0.00000E+00
  423   1.66024    0.00000E+00
  424   1.66156    0.00000E+00
  425   1.66288    0.00000E+00
  426   1.66421    0.00000E+00
  427   1.66553    0.00000E+00
  428   1.66685    0.00000E+00
  429   1.66818    0.00000E+00
  430   1.66950    0.00000E+00
  431   1.67082    0.00000E+00
  432   1.67214    0.00000E+00
  433   1.67347    0.00000E+00
  434   1.67479    0.00000E+00
  435   1.67611    0.00000E+00
  436   1.67744    0.00000E+00
  437   1.67876    0.00000E+00
  438   1.68008    0.00000E+00
  439   1.68140    0.00000E+00
  440   1.68273    0.00000E+00
  441   1.68405    0.00000E+00
  442   1.68537    0.00000E+00
  443   1.68670    0.00000E+00
  444   1.68802    0.00000E+00
  445   1.68934    0.00000E+00
  446   1.69066    0.00000E+00
  447   1.69199    0.00000E+00
  448   1.69331    0.00000E+00
  449   1.69463    0.00000E+00
  450   1.69596    0.00000E+00
  451   1.69728    0.00000E+00
  452   1.69860    0.00000E+00
  453   1.69992    0.00000E+00
  454   1.70125    0.00000E+00
  455   1.70257    0.00000E+00
  456   1.70389    0.00000E+00
  457   1.70522    0.00000E+00
  458   1.70654    0.00000E+00
  459   1.70786    0.00000E+00
  460   1.70918    0.00000E+00
  461   1.71051    0.00000E+00
  462   1.71183    0.00000E+00
  463   1.71315    0.00000E+00
  464   1.71448    0.00000E+00
  465   1.71580    0.00000E+00
  466   1.71712    0.00000E+00
  467   1.71844    0.00000E+00
  468   1.71977    0.00000E+00
  469   1.72109    0.00000E+00
  470   1.72241    0.00000E+00
  471   1.72374    0.00000E+00
  472   1.72506    0.00000E+00
  473   1.72638    0.00000E+00
  474   1.72770    0.00000E+00
  475   1.72903    0.00000E+00
  476   1.73035    0.00000E+00
  477   1.73167    0.00000E+00
  478   1.73300    0.00000E+00
  479   1.73432    0.00000E+00
  480   1.73564    0.00000E+00
  481   1.73696    0.00000E+00
  482   1.73829    0.00000E+00
  483   1.73961    0.00000E+00
  484   1.74093    0.00000E+00
  485   1.74226    0.00000E+00
  486   1.74358    0.00000E+00
  487   1.74490    0.00000E+00
  488   1.74622    0.00000E+00
  489   1.74755    0.00000E+00
  490   1.74887    0.00000E+00
  491   1.75019    0.00000E+00
  492   1.75152    0.00000E+00
  493   1.75284    0.00000E+00
  494   1.75416    0.00000E+00
  495   1.75548    0.00000E+00
  496   1.75681    0.00000E+00
  497   1.75813    0.00000E+00
  498   1.75945    0.00000E+00
  499   1.76078    0.00000E+00
  500   1.76210    0.00000E+00
  501   1.76342    0.00000E+00
  502   1.76475    0.00000E+00
  503   1.76607    0.00000E+00
  504   1.76739    0.00000E+00
  505   1.76871    0.00000E+00
  506   1.77004    0.00000E+00
  507   1.77136    0.00000E+00
  508   1.77268    0.00000E+00
  509   1.77401    0.00000E+00
  510   1.77533    0.00000E+00
  511   1.77665    0.00000E+00
  512   1.77797    0.00000E+00
  513   1.77930    0.00000E+00
  514   1.78062    0.00000E+00
  515   1.78194    0.00000E+00
  516   1.78327    0.00000E+00
  517   1.78459    0.00000E+00
  518   1.78591    0.00000E+00
  519   1.78723    0.00000E+00
  520   1.78856    0.00000E+00
  521   1.78988    0.00000E+00
  522   1.79120    0.00000E+00
  523   1.79253    0.00000E+00
  524   1.79385    0.00000E+00
  525   1.79517    0.00000E+00
  526   1.79649    0.00000E+00
  527   1.79782    0.00000E+00
  528   1.79914    0.00000E+00
