    0   1.10066    0.00000E+00
    1   1.10198    0.00000E+00
    2   1.10331    0.00000E+00
    3   1.10463    0.00000E+00
    4   1.10595    0.00000E+00
    5   1.10728    0.00000E+00
    6   1.10860    0.00000E+00
    7   1.10992    0.00000E+00
    8   1.11124    0.00000E+00
    9   1.11257    0.00000E+00
   10   1.11389    0.00000E+00
   11   1.11521    0.00000E+00
   12   1.11654    0.00000E+00
   13   1.11786    0.00000E+00
   14   1.11918    0.00000E+00
   15   1.12050    0.00000E+00
   16   1.12183    0.00000E+00
   17   1.12315    0.00000E+00
   18   1.12447    0.00000E+00
   19   1.12580    0.00000E+00
   20   1.12712    0.00000E+00
   21   1.12844    0.00000E+00
   22   1.12976    0.00000E+00
   23   1.13109    0.00000E+00
   24   1.13241    0.00000E+00
   25   1.13373    0.00000E+00
   26   1.13506    0.00000E+00
   27   1.13638    0.00000E+00
   28   1.13770    0.00000E+00
   29   1.13902    0.00000E+00
   30   1.14035    0.00000E+00
   31   1.14167    0.00000E+00
   32   1.14299    0.00000E+00
   33   1.14432    0.00000E+00
   34   1.14564    0.00000E+00
   35   1.14696    0.00000E+00
   36   1.14828    0.00000E+00
   37   1.14961    0.00000E+00
   38   1.15093    0.00000E+00
   39   1.15225    0.00000E+00
   40   1.15358    0.00000E+00
   41   1.15490    0.00000E+00
   42   1.15622    0.00000E+00
   43   1.15755    0.00000E+00
   44   1.15887    0.00000E+00
   45   1.16019    0.00000E+00
   46   1.16151    0.00000E+00
   47   1.16284    0.00000E+00
   48   1.16416    0.00000E+00
   49   1.16548    0.00000E+00
   50   1.16681    0.00000E+00
   51   1.16813    0.00000E+00
   52   1.16945    0.00000E+00
   53   1.17077    0.00000E+00
   54   1.17210    0.00000E+00
   55   1.17342    0.00000E+00
   56   1.17474    0.00000E+00
   57   1.17607    0.00000E+00
   58   1.17739    0.00000E+00
   59   1.17871    0.00000E+00
   60   1.18003    0.00000E+00
   61   1.18136    0.00000E+00
   62   1.18268    0.00000E+00
   63   1.18400    0.00000E+00
   64   1.18533    0.00000E+00
   65   1.18665    0.00000E+00
   66   1.18797    0.00000E+00
   67   1.18929    0.00000E+00
   68   1.19062    0.00000E+00
   69   1.19194    0.00000E+00
   70   1.19326    0.00000E+00
   71   1.19459    0.00000E+00
   72   1.19591    0.00000E+00
   73   1.19723    0.00000E+00
   74   1.19855    0.00000E+00
   75   1.19988    0.00000E+00
   76   1.20120    1.87970E+11
   77   1.20252    1.89869E+11
   78   1.20385    1.91847E+11
   79   1.20517    1.92967E+11
   80   1.20649    1.96210E+11
   81   1.20781    1.96964E+11
   82   1.20914    1.98878E+11
   83   1.21046    2.01001E+11
   84   1.21178    2.03394E+11
   85   1.21311    2.06084E+11
   86   1.21443    2.07886E+11
   87   1.21575    2.13817E+11
   88   1.21707    2.17596E+11
   89   1.21840    2.17883E+11
   90   1.21972    2.21837E+11
   91   1.22104    2.28012E+11
   92   1.22237    2.34911E+11
   93   1.22369    2.33222E+11
   94   1.22501    2.45265E+11
   95   1.22633    2.48211E+11
   96   1.22766    2.55528E+11
   97   1.22898    2.58241E+11
   98   1.23030    2.64558E+11
   99   1.23163    2.67484E+11
  100   1.23295    2.70861E+11
  101   1.23427    2.74231E+11
  102   1.23559    2.79786E+11
  103   1.23692    2.84855E+11
  104   1.23824    2.89222E+11
  105   1.23956    2.95388E+11
  106   1.24089    2.95128E+11
  107   1.24221    2.96393E+11
  108   1.24353    2.96131E+11
  109   1.24485    3.03868E+11
  110   1.24618    3.05791E+11
  111   1.24750    3.05033E+11
  112   1.24882    3.09029E+11
  113   1.25015    3.19006E+11
  114   1.25147    3.24436E+11
  115   1.25279    3.25532E+11
  116   1.25412    3.32198E+11
  117   1.25544    3.33019E+11
  118   1.25676    3.33923E+11
  119   1.25808    3.52129E+11
  120   1.25941    3.54653E+11
  121   1.26073    3.60728E+11
  122   1.26205    3.71913E+11
  123   1.26338    3.77524E+11
  124   1.26470    3.83540E+11
  125   1.26602    3.87696E+11
  126   1.26734    3.94814E+11
  127   1.26867    4.02692E+11
  128   1.26999    4.10782E+11
  129   1.27131    4.25021E+11
  130   1.27264    4.41648E+11
  131   1.27396    4.50183E+11
  132   1.27528    4.57254E+11
  133   1.27660    4.58471E+11
  134   1.27793    4.63387E+11
  135   1.27925    4.78652E+11
  136   1.28057    4.85744E+11
  137   1.28190    4.92076E+11
  138   1.28322    4.96299E+11
  139   1.28454    4.95695E+11
  140   1.28586    5.02687E+11
  141   1.28719    5.27278E+11
  142   1.28851    5.41169E+11
  143   1.28983    5.49610E+11
  144   1.29116    5.47609E+11
  145   1.29248    5.43801E+11
  146   1.29380    5.63458E+11
  147   1.29512    5.92449E+11
  148   1.29645    5.94793E+11
  149   1.29777    5.96939E+11
  150   1.29909    6.03574E+11
  151   1.30042    6.24378E+11
  152   1.30174    6.36267E+11
  153   1.30306    6.53240E+11
  154   1.30438    6.60029E+11
  155   1.30571    6.71811E+11
  156   1.30703    6.73951E+11
  157   1.30835    7.05079E+11
  158   1.30968    7.09473E+11
  159   1.31100    7.09585E+11
  160   1.31232    7.10368E+11
  161   1.31364    7.38967E+11
  162   1.31497    7.47919E+11
  163   1.31629    7.53560E+11
  164   1.31761    7.64733E+11
  165   1.31894    7.79167E+11
  166   1.32026    8.14195E+11
  167   1.32158    8.17688E+11
  168   1.32290    8.22383E+11
  169   1.32423    8.28158E+11
  170   1.32555    8.45683E+11
  171   1.32687    8.70494E+11
  172   1.32820    8.96554E+11
  173   1.32952    9.10766E+11
  174   1.33084    9.25533E+11
  175   1.33216    9.68103E+11
  176   1.33349    9.73350E+11
  177   1.33481    9.82862E+11
  178   1.33613    1.00434E+12
  179   1.33746    1.05578E+12
  180   1.33878    1.08227E+12
  181   1.34010    1.07382E+12
  182   1.34142    1.07566E+12
  183   1.34275    1.12473E+12
  184   1.34407    1.16768E+12
  185   1.34539    1.17706E+12
  186   1.34672    1.18391E+12
  187   1.34804    1.23948E+12
  188   1.34936    1.27464E+12
  189   1.35068    1.27781E+12
  190   1.35201    1.29372E+12
  191   1.35333    1.34619E+12
  192   1.35465    1.36350E+12
  193   1.35598    1.36050E+12
  194   1.35730    1.36323E+12
  195   1.35862    1.39600E+12
  196   1.35995    1.49190E+12
  197   1.36127    1.49490E+12
  198   1.36259    1.50244E+12
  199   1.36391    1.55956E+12
  200   1.36524    1.62713E+12
  201   1.36656    1.63869E+12
  202   1.36788    1.64792E+12
  203   1.36921    1.73706E+12
  204   1.37053    1.75201E+12
  205   1.37185    1.77382E+12
  206   1.37317    1.82571E+12
  207   1.37450    1.93133E+12
  208   1.37582    1.92668E+12
  209   1.37714    1.93202E+12
  210   1.37847    1.98781E+12
  211   1.37979    2.04693E+12
  212   1.38111    2.05091E+12
  213   1.38243    2.06792E+12
  214   1.38376    2.21839E+12
  215   1.38508    2.25017E+12
  216   1.38640    2.26928E+12
  217   1.38773    2.32679E+12
  218   1.38905    2.50510E+12
  219   1.39037    2.50945E+12
  220   1.39169    2.53932E+12
  221   1.39302    2.70204E+12
  222   1.39434    2.77326E+12
  223   1.39566    2.85020E+12
  224   1.39699    2.92082E+12
  225   1.39831    3.03978E+12
  226   1.39963    3.06361E+12
  227   1.40095    3.14133E+12
  228   1.40228    3.36426E+12
  229   1.40360    3.48494E+12
  230   1.40492    3.49052E+12
  231   1.40625    3.58782E+12
  232   1.40757    3.71840E+12
  233   1.40889    3.77110E+12
  234   1.41021    3.87912E+12
  235   1.41154    4.09995E+12
  236   1.41286    4.16861E+12
  237   1.41418    4.23981E+12
  238   1.41551    4.37509E+12
  239   1.41683    4.56850E+12
  240   1.41815    4.66916E+12
  241   1.41947    4.85762E+12
  242   1.42080    5.27768E+12
  243   1.42212    5.34357E+12
  244   1.42344    5.47147E+12
  245   1.42477    5.79794E+12
  246   1.42609    5.92708E+12
  247   1.42741    6.01215E+12
  248   1.42873    6.37108E+12
  249   1.43006    6.95527E+12
  250   1.43138    7.16759E+12
  251   1.43270    7.41807E+12
  252   1.43403    7.80274E+12
  253   1.43535    7.93351E+12
  254   1.43667    8.19467E+12
  255   1.43799    9.43441E+12
  256   1.43932    9.68867E+12
  257   1.44064    9.98347E+12
  258   1.44196    1.03147E+13
  259   1.44329    1.06055E+13
  260   1.44461    1.08725E+13
  261   1.44593    1.17837E+13
  262   1.44725    1.31375E+13
  263   1.44858    1.33676E+13
  264   1.44990    1.36657E+13
  265   1.45122    1.43482E+13
  266   1.45255    1.46334E+13
  267   1.45387    1.49589E+13
  268   1.45519    1.72721E+13
  269   1.45651    1.87011E+13
  270   1.45784    1.90805E+13
  271   1.45916    1.95541E+13
  272   1.46048    2.04302E+13
  273   1.46181    2.07982E+13
  274   1.46313    2.21488E+13
  275   1.46445    2.59113E+13
  276   1.46578    2.66643E+13
  277   1.46710    2.76004E+13
  278   1.46842    2.89121E+13
  279   1.46974    2.96539E+13
  280   1.47107    3.06755E+13
  281   1.47239    3.42512E+13
  282   1.47371    3.81997E+13
  283   1.47504    3.91307E+13
  284   1.47636    4.11477E+13
  285   1.47768    4.56253E+13
  286   1.47900    4.65841E+13
  287   1.48033    4.79217E+13
  288   1.48165    5.45953E+13
  289   1.48297    5.97073E+13
  290   1.48430    6.25782E+13
  291   1.48562    6.69945E+13
  292   1.48694    7.50883E+13
  293   1.48826    7.74447E+13
  294   1.48959    8.11926E+13
  295   1.49091    9.42388E+13
  296   1.49223    9.94298E+13
  297   1.49356    1.03188E+14
  298   1.49488    1.09829E+14
  299   1.49620    1.22255E+14
  300   1.49752    1.26211E+14
  301   1.49885    1.34497E+14
  302   1.50017    1.66955E+14
  303   1.50149    1.68905E+14
  304   1.50282    1.72047E+14
  305   1.50414    1.74048E+14
  306   1.50546    1.76312E+14
  307   1.50678    1.80543E+14
  308   1.50811    1.97947E+14
  309   1.50943    2.16429E+14
  310   1.51075    2.18699E+14
  311   1.51208    2.20348E+14
  312   1.51340    2.22532E+14
  313   1.51472    2.25132E+14
  314   1.51604    2.28814E+14
  315   1.51737    2.30962E+14
  316   1.51869    2.31548E+14
  317   1.52001    2.31896E+14
  318   1.52134    2.31561E+14
  319   1.52266    2.31495E+14
  320   1.52398    2.31367E+14
  321   1.52530    2.27528E+14
  322   1.52663    2.27694E+14
  323   1.52795    2.27744E+14
  324   1.52927    2.27829E+14
  325   1.53060    2.27917E+14
  326   1.53192    2.27480E+14
  327   1.53324    2.25070E+14
  328   1.53456    2.17927E+14
  329   1.53589    2.17039E+14
  330   1.53721    2.15913E+14
  331   1.53853    2.14422E+14
  332   1.53986    2.13788E+14
  333   1.54118    2.07948E+14
  334   1.54250    1.93869E+14
  335   1.54382    1.92872E+14
  336   1.54515    1.91727E+14
  337   1.54647    1.90611E+14
  338   1.54779    1.89637E+14
  339   1.54912    1.88245E+14
  340   1.55044    1.80518E+14
  341   1.55176    1.75092E+14
  342   1.55308    1.74431E+14
  343   1.55441    1.73975E+14
  344   1.55573    1.73153E+14
  345   1.55705    1.72611E+14
  346   1.55838    1.68305E+14
  347   1.55970    1.65978E+14
  348   1.56102    1.65086E+14
  349   1.56235    1.64705E+14
  350   1.56367    1.64346E+14
  351   1.56499    1.64264E+14
  352   1.56631    1.64106E+14
  353   1.56764    1.59241E+14
  354   1.56896    1.57598E+14
  355   1.57028    1.57235E+14
  356   1.57161    1.57113E+14
  357   1.57293    1.57166E+14
  358   1.57425    1.57066E+14
  359   1.57557    1.55413E+14
  360   1.57690    1.52594E+14
  361   1.57822    1.52014E+14
  362   1.57954    1.51657E+14
  363   1.58087    1.51406E+14
  364   1.58219    1.51418E+14
  365   1.58351    1.51272E+14
  366   1.58483    1.49770E+14
  367   1.58616    1.49458E+14
  368   1.58748    1.49033E+14
  369   1.58880    1.49181E+14
  370   1.59013    0.00000E+00
  371   1.59145    0.00000E+00
  372   1.59277    0.00000E+00
  373   1.59409    0.00000E+00
  374   1.59542    0.00000E+00
  375   1.59674    0.00000E+00
  376   1.59806    0.00000E+00
  377   1.59939    0.00000E+00
  378   1.60071    0.00000E+00
  379   1.60203    0.00000E+00
  380   1.60335    0.00000E+00
  381   1.60468    0.00000E+00
  382   1.60600    0.00000E+00
  383   1.60732    0.00000E+00
  384   1.60865    0.00000E+00
  385   1.60997    0.00000E+00
  386   1.61129    0.00000E+00
  387   1.61261    0.00000E+00
  388   1.61394    0.00000E+00
  389   1.61526    0.00000E+00
  390   1.61658    0.00000E+00
  391   1.61791    0.00000E+00
  392   1.61923    0.00000E+00
  393   1.62055    0.00000E+00
  394   1.62187    0.00000E+00
  395   1.62320    0.00000E+00
  396   1.62452    0.00000E+00
  397   1.62584    0.00000E+00
  398   1.62717    0.00000E+00
  399   1.62849    0.00000E+00
  400   1.62981    0.00000E+00
  401   1.63113    0.00000E+00
  402   1.63246    0.00000E+00
  403   1.63378    0.00000E+00
  404   1.63510    0.00000E+00
  405   1.63643    0.00000E+00
  406   1.63775    0.00000E+00
  407   1.63907    0.00000E+00
  408   1.64039    0.00000E+00
  409   1.64172    0.00000E+00
  410   1.64304    0.00000E+00
  411   1.64436    0.00000E+00
  412   1.64569    0.00000E+00
  413   1.64701    0.00000E+00
  414   1.64833    0.00000E+00
  415   1.64965    0.00000E+00
  416   1.65098    0.00000E+00
  417   1.65230    0.00000E+00
  418   1.65362    0.00000E+00
  419   1.65495    0.00000E+00
  420   1.65627    0.00000E+00
  421   1.65759    0.00000E+00
  422   1.65891    0.00000E+00
  423   1.66024    0.00000E+00
  424   1.66156    0.00000E+00
  425   1.66288    0.00000E+00
  426   1.66421    0.00000E+00
  427   1.66553    0.00000E+00
  428   1.66685    0.00000E+00
  429   1.66818    0.00000E+00
  430   1.66950    0.00000E+00
  431   1.67082    0.00000E+00
  432   1.67214    0.00000E+00
  433   1.67347    0.00000E+00
  434   1.67479    0.00000E+00
  435   1.67611    0.00000E+00
  436   1.67744    0.00000E+00
  437   1.67876    0.00000E+00
  438   1.68008    0.00000E+00
  439   1.68140    0.00000E+00
  440   1.68273    0.00000E+00
  441   1.68405    0.00000E+00
  442   1.68537    0.00000E+00
  443   1.68670    0.00000E+00
  444   1.68802    0.00000E+00
  445   1.68934    0.00000E+00
  446   1.69066    0.00000E+00
  447   1.69199    0.00000E+00
  448   1.69331    0.00000E+00
  449   1.69463    0.00000E+00
  450   1.69596    0.00000E+00
  451   1.69728    0.00000E+00
  452   1.69860    0.00000E+00
  453   1.69992    0.00000E+00
  454   1.70125    0.00000E+00
  455   1.70257    0.00000E+00
  456   1.70389    0.00000E+00
  457   1.70522    0.00000E+00
  458   1.70654    0.00000E+00
  459   1.70786    0.00000E+00
  460   1.70918    0.00000E+00
  461   1.71051    0.00000E+00
  462   1.71183    0.00000E+00
  463   1.71315    0.00000E+00
  464   1.71448    0.00000E+00
  465   1.71580    0.00000E+00
  466   1.71712    0.00000E+00
  467   1.71844    0.00000E+00
  468   1.71977    0.00000E+00
  469   1.72109    0.00000E+00
  470   1.72241    0.00000E+00
  471   1.72374    0.00000E+00
  472   1.72506    0.00000E+00
  473   1.72638    0.00000E+00
  474   1.72770    0.00000E+00
  475   1.72903    0.00000E+00
  476   1.73035    0.00000E+00
  477   1.73167    0.00000E+00
  478   1.73300    0.00000E+00
  479   1.73432    0.00000E+00
  480   1.73564    0.00000E+00
  481   1.73696    0.00000E+00
  482   1.73829    0.00000E+00
  483   1.73961    0.00000E+00
  484   1.74093    0.00000E+00
  485   1.74226    0.00000E+00
  486   1.74358    0.00000E+00
  487   1.74490    0.00000E+00
  488   1.74622    0.00000E+00
  489   1.74755    0.00000E+00
  490   1.74887    0.00000E+00
  491   1.75019    0.00000E+00
  492   1.75152    0.00000E+00
  493   1.75284    0.00000E+00
  494   1.75416    0.00000E+00
  495   1.75548    0.00000E+00
  496   1.75681    0.00000E+00
  497   1.75813    0.00000E+00
  498   1.75945    0.00000E+00
  499   1.76078    0.00000E+00
  500   1.76210    0.00000E+00
  501   1.76342    0.00000E+00
  502   1.76475    0.00000E+00
  503   1.76607    0.00000E+00
  504   1.76739    0.00000E+00
  505   1.76871    0.00000E+00
  506   1.77004    0.00000E+00
  507   1.77136    0.00000E+00
  508   1.77268    0.00000E+00
  509   1.77401    0.00000E+00
  510   1.77533    0.00000E+00
  511   1.77665    0.00000E+00
  512   1.77797    0.00000E+00
  513   1.77930    0.00000E+00
  514   1.78062    0.00000E+00
  515   1.78194    0.00000E+00
  516   1.78327    0.00000E+00
  517   1.78459    0.00000E+00
  518   1.78591    0.00000E+00
  519   1.78723    0.00000E+00
  520   1.78856    0.00000E+00
  521   1.78988    0.00000E+00
  522   1.79120    0.00000E+00
  523   1.79253    0.00000E+00
  524   1.79385    0.00000E+00
  525   1.79517    0.00000E+00
  526   1.79649    0.00000E+00
  527   1.79782    0.00000E+00
  528   1.79914    0.00000E+00
