 stratum    psi/psi_sep    rho       R(Z_probe)   
         9   0.1303590  -0.2763106   1.2238891
         8   0.1477518  -0.2655450   1.2346543
         7   0.1825375  -0.2459346   1.2542676
         6   0.2173231  -0.2289918   1.2712101
         5   0.2521088  -0.2134702   1.2867341
         4   0.2868944  -0.1997204   1.3004840
         3   0.3216800  -0.1859998   1.3142063
         2   0.3564657  -0.1744566   1.3257498
         1   0.3912513  -0.1629134   1.3372932
        10   0.4260370  -0.1515412   1.3486667
        11   0.4608226  -0.1414662   1.3587421
        12   0.4956082  -0.1313911   1.3688175
        13   0.5303939  -0.1213161   1.3788929
        14   0.5651795  -0.1119451   1.3882649
        15   0.5999652  -0.1027527   1.3974578
        16   0.6347508  -0.0935603   1.4066506
        17   0.6695364  -0.0844309   1.4157807
        18   0.7043221  -0.0756314   1.4245807
        19   0.7391077  -0.0668320   1.4333807
        20   0.7738933  -0.0580326   1.4421807
        21   0.8086790  -0.0492246   1.4509893
        22   0.8434646  -0.0404014   1.4598132
        23   0.8782503  -0.0315781   1.4686371
        24   0.9130359  -0.0227549   1.4774610
        25   0.9478215  -0.0137397   1.4864770
        26   0.9826072  -0.0045799   1.4956377
        27   1.0156863   0.0041305   1.5043489
        28   1.0470590   0.0123916   1.5126108
        29   1.0784317   0.0207824   1.5210026
        30   1.1098044   0.0292169   1.5294380
        31   1.1411771   0.0376514   1.5378734
        32   1.1725498   0.0460859   1.5463088
        33   1.2039225   0.0546602   1.5548844
        34   1.2352951   0.0632731   1.5634984
        35   1.2666678   0.0718860   1.5721124
        36   1.2980405   0.0804990   1.5807264
        37   1.3294132   0.0892831   1.5895122
        38   1.3607859   0.0980859   1.5983164
        53   1.3607859   0.0980859   1.5983164
        39   1.3921586   0.1068887   1.6071206
        54   1.3921586   0.1068887   1.6071206
        55   1.4235313   0.1157130   1.6159468
        40   1.4235313   0.1157130   1.6159468
        56   1.4549039   0.1247246   1.6249604
        41   1.4549039   0.1247246   1.6249604
        42   1.4862766   0.1337362   1.6339740
        57   1.4862766   0.1337362   1.6339740
        58   1.5176493   0.1427479   1.6429876
        43   1.5176493   0.1427479   1.6429876
        59   1.5490220   0.1518531   1.6520962
        44   1.5490220   0.1518531   1.6520962
        45   1.5803947   0.1611033   1.6613500
        60   1.5803947   0.1611033   1.6613500
        61   1.6117674   0.1703534   1.6706038
        46   1.6117674   0.1703534   1.6706038
        62   1.6274537   0.1749785   1.6752307
        47   1.6431401   0.1796035   1.6798576
        48   1.6745127   0.1890796   1.6893380
        49   1.7058854   0.1986202   1.6988816
        50   1.7372581   0.2081608   1.7084252
        51   1.7686308   0.2177969   1.7180641
        52   1.7843171   0.2227421   1.7230073
