  x          N1(x)/N(0)    N2(x)/N(0)       Ti(x)       Ni(x)
  0.00050    9.9517E-01   9.95173E-01   1.00450E+00   8.46192E+19
  0.00599    9.4476E-01   9.46144E-01   1.05391E+00   8.06520E+19
  0.01597    8.6382E-01   8.67366E-01   1.14373E+00   7.43182E+19
  0.02595    7.9420E-01   7.99549E-01   1.23355E+00   6.89068E+19
  0.03593    7.3368E-01   7.40544E-01   1.32337E+00   6.42300E+19
  0.04591    6.8059E-01   6.88735E-01   1.41319E+00   6.01476E+19
  0.05589    6.3363E-01   6.42878E-01   1.50301E+00   5.65532E+19
  0.06587    5.9180E-01   6.01997E-01   1.59283E+00   5.33641E+19
  0.07585    5.5431E-01   5.65330E-01   1.68265E+00   5.05156E+19
  0.08583    5.2052E-01   5.32252E-01   1.77247E+00   4.79557E+19
  0.09581    4.8991E-01   5.02263E-01   1.86229E+00   4.56427E+19
  0.10579    4.6205E-01   4.74949E-01   1.95211E+00   4.35426E+19
  0.11577    4.3659E-01   4.49972E-01   2.04193E+00   4.16273E+19
  0.12575    4.1324E-01   4.27043E-01   2.13175E+00   3.98733E+19
  0.13573    3.9174E-01   4.05922E-01   2.22157E+00   3.82612E+19
  0.14571    3.7189E-01   3.86401E-01   2.31139E+00   3.67744E+19
  0.15569    3.5350E-01   3.68308E-01   2.40121E+00   3.53988E+19
  0.16567    3.3642E-01   3.51494E-01   2.49103E+00   3.41224E+19
  0.17565    3.2052E-01   3.35827E-01   2.58085E+00   3.29349E+19
  0.18563    3.0568E-01   3.21196E-01   2.67067E+00   3.18272E+19
  0.19561    2.9181E-01   3.07502E-01   2.76049E+00   3.07916E+19
  0.20559    2.7880E-01   2.94659E-01   2.85031E+00   2.98213E+19
  0.21557    2.6658E-01   2.82591E-01   2.94013E+00   2.89103E+19
  0.22555    2.5509E-01   2.71229E-01   3.02995E+00   2.80533E+19
  0.23553    2.4426E-01   2.60515E-01   3.11977E+00   2.72456E+19
  0.24551    2.3404E-01   2.50395E-01   3.20959E+00   2.64831E+19
  0.25549    2.2438E-01   2.40822E-01   3.29941E+00   2.57622E+19
  0.26547    2.1523E-01   2.31755E-01   3.38923E+00   2.50794E+19
  0.27545    2.0656E-01   2.23153E-01   3.47905E+00   2.44320E+19
  0.28543    1.9833E-01   2.14982E-01   3.56887E+00   2.38171E+19
  0.29541    1.9051E-01   2.07212E-01   3.65869E+00   2.32324E+19
  0.30539    1.8307E-01   1.99815E-01   3.74851E+00   2.26757E+19
  0.31537    1.7598E-01   1.92763E-01   3.83833E+00   2.21450E+19
  0.32535    1.6923E-01   1.86034E-01   3.92815E+00   2.16387E+19
  0.33533    1.6277E-01   1.79607E-01   4.01797E+00   2.11550E+19
  0.34531    1.5661E-01   1.73462E-01   4.10779E+00   2.06924E+19
  0.35529    1.5072E-01   1.67582E-01   4.19761E+00   2.02496E+19
  0.36527    1.4508E-01   1.61950E-01   4.28743E+00   1.98254E+19
  0.37525    1.3967E-01   1.56550E-01   4.37725E+00   1.94186E+19
  0.38523    1.3449E-01   1.51370E-01   4.46707E+00   1.90281E+19
  0.39521    1.2952E-01   1.46396E-01   4.55689E+00   1.86531E+19
  0.40519    1.2475E-01   1.41616E-01   4.64671E+00   1.82925E+19
  0.41517    1.2016E-01   1.37020E-01   4.73653E+00   1.79456E+19
  0.42515    1.1575E-01   1.32597E-01   4.82635E+00   1.76117E+19
  0.43513    1.1151E-01   1.28338E-01   4.91617E+00   1.72899E+19
  0.44511    1.0742E-01   1.24234E-01   5.00599E+00   1.69797E+19
  0.45509    1.0349E-01   1.20277E-01   5.09581E+00   1.66804E+19
  0.46507    9.9695E-02   1.16459E-01   5.18563E+00   1.63915E+19
  0.47505    9.6035E-02   1.12774E-01   5.27545E+00   1.61124E+19
  0.48503    9.2503E-02   1.09214E-01   5.36527E+00   1.58426E+19
  0.49501    8.9093E-02   1.05773E-01   5.45509E+00   1.55818E+19
  0.50499    8.5798E-02   1.02446E-01   5.54491E+00   1.53294E+19
  0.51497    8.2614E-02   9.92276E-02   5.63473E+00   1.50850E+19
  0.52495    7.9534E-02   9.61119E-02   5.72455E+00   1.48483E+19
  0.53493    7.6554E-02   9.30942E-02   5.81437E+00   1.46190E+19
  0.54491    7.3670E-02   9.01702E-02   5.90419E+00   1.43966E+19
  0.55489    7.0876E-02   8.73357E-02   5.99401E+00   1.41808E+19
  0.56487    6.8170E-02   8.45867E-02   6.08383E+00   1.39715E+19
  0.57485    6.5547E-02   8.19192E-02   6.17365E+00   1.37682E+19
  0.58483    6.3004E-02   7.93298E-02   6.26347E+00   1.35708E+19
  0.59481    6.0537E-02   7.68151E-02   6.35329E+00   1.33789E+19
  0.60479    5.8143E-02   7.43719E-02   6.44311E+00   1.31924E+19
  0.61477    5.5819E-02   7.19971E-02   6.53293E+00   1.30110E+19
  0.62475    5.3562E-02   6.96878E-02   6.62275E+00   1.28345E+19
  0.63473    5.1370E-02   6.74414E-02   6.71257E+00   1.26628E+19
  0.64471    4.9240E-02   6.52552E-02   6.80239E+00   1.24956E+19
  0.65469    4.7168E-02   6.31268E-02   6.89221E+00   1.23328E+19
  0.66467    4.5155E-02   6.10537E-02   6.98203E+00   1.21741E+19
  0.67465    4.3195E-02   5.90338E-02   7.07185E+00   1.20195E+19
  0.68463    4.1289E-02   5.70650E-02   7.16167E+00   1.18687E+19
  0.69461    3.9434E-02   5.51450E-02   7.25149E+00   1.17217E+19
  0.70459    3.7627E-02   5.32720E-02   7.34131E+00   1.15783E+19
  0.71457    3.5868E-02   5.14441E-02   7.43113E+00   1.14384E+19
  0.72455    3.4154E-02   4.96595E-02   7.52095E+00   1.13018E+19
  0.73453    3.2484E-02   4.79163E-02   7.61077E+00   1.11684E+19
  0.74451    3.0857E-02   4.62130E-02   7.70059E+00   1.10381E+19
  0.75449    2.9270E-02   4.45479E-02   7.79041E+00   1.09109E+19
  0.76447    2.7722E-02   4.29192E-02   7.88023E+00   1.07865E+19
  0.77445    2.6213E-02   4.13256E-02   7.97005E+00   1.06649E+19
  0.78443    2.4740E-02   3.97654E-02   8.05987E+00   1.05461E+19
  0.79441    2.3302E-02   3.82371E-02   8.14969E+00   1.04298E+19
  0.80439    2.1899E-02   3.67393E-02   8.23951E+00   1.03161E+19
  0.81437    2.0529E-02   3.52703E-02   8.32933E+00   1.02049E+19
  0.82435    1.9191E-02   3.38287E-02   8.41915E+00   1.00960E+19
  0.83433    1.7885E-02   3.24129E-02   8.50897E+00   9.98946E+18
  0.84431    1.6608E-02   3.10214E-02   8.59879E+00   9.88511E+18
  0.85429    1.5360E-02   2.96525E-02   8.68861E+00   9.78292E+18
  0.86427    1.4141E-02   2.83044E-02   8.77843E+00   9.68282E+18
  0.87425    1.2949E-02   2.69751E-02   8.86825E+00   9.58475E+18
  0.88423    1.1783E-02   2.56626E-02   8.95807E+00   9.48865E+18
  0.89421    1.0643E-02   2.43644E-02   9.04789E+00   9.39446E+18
  0.90419    9.5280E-03   2.30777E-02   9.13771E+00   9.30211E+18
  0.91417    8.4371E-03   2.17993E-02   9.22753E+00   9.21157E+18
  0.92415    7.3696E-03   2.05248E-02   9.31735E+00   9.12277E+18
  0.93413    6.3249E-03   1.92489E-02   9.40717E+00   9.03566E+18
  0.94411    5.3023E-03   1.79640E-02   9.49699E+00   8.95020E+18
  0.95409    4.3011E-03   1.66594E-02   9.58681E+00   8.86635E+18
  0.96407    3.3207E-03   1.53177E-02   9.67663E+00   8.78405E+18
  0.97405    2.3606E-03   1.39083E-02   9.76645E+00   8.70326E+18
  0.98403    1.4202E-03   1.23640E-02   9.85627E+00   8.62395E+18
  0.99401    4.9885E-04   1.04603E-02   9.94609E+00   8.54607E+18
  0.99950    0.0000E+00   8.27778E-03   9.99550E+00   8.50383E+18
  den_norm_2 =    8.1958193504764498E-003
